@3@CO@K@v@J@p
#2264         # Number of levels
#K            # Energy Unit
#3            # Number of quantum number
#v            # Quantum number
#J            # Quantum number
#p            # Quantum number
# n      g       E(K)        v    J    p
#---data--------------------------------
   1    3.0  93157.959373    0    1    1
   2    3.0  93157.988156    0    1    0
   3    5.0  93167.138770    0    2    0
   4    5.0  93167.181916    0    2    1
   5    7.0  93180.835909    0    3    0
   6    7.0  93180.907823    0    3    1
   7    9.0  93199.165902    0    4    0
   8    9.0  93199.295359    0    4    1
   9   11.0  93221.956097    0    5    0
  10   11.0  93222.157483    0    5    1
  11   13.0  93249.206490    0    6    0
  12   13.0  93249.623685    0    6    1
  13   15.0  93280.773206    0    7    0
  14   15.0  93281.578862    0    7    1
  15   17.0  93316.181448    0    8    0
  16   17.0  93318.037402    0    8    1
  17   19.0  93354.064378    0    9    0
  18   19.0  93358.812266    0    9    1
  19   21.0  93403.702022    0   10    1
  20   21.0  93412.795177    0   10    0
  21   23.0  93452.246263    0   11    1
  22   23.0  93461.152386    0   11    0
  23   25.0  93503.308355    0   12    1
  24   25.0  93515.250306    0   12    0
  25   27.0  93574.268835    0   13    0
  26   27.0  93583.059651    0   13    1
  27   29.0  93637.819502    0   14    0
  28   29.0  93644.552857    0   14    1
  29   31.0  93705.398734    0   15    0
  30   31.0  93711.973816    0   15    1
  31   33.0  93775.740410    0   16    0
  32   33.0  93784.703851    0   16    1
  33   35.0  93862.325719    0   17    1
  34   35.0  93866.124239    0   17    0
  35   37.0  93944.753093    0   18    1
  36   37.0  93946.436620    0   18    0
  37   39.0  94031.770156    0   19    1
  38   39.0  94032.705529    0   19    0
  39   41.0  94123.477621    0   20    1
  40   41.0  94124.053310    0   20    0
  41   43.0  94219.789163    0   21    1
  42   43.0  94220.163433    0   21    0
  43   45.0  94320.647229    0   22    1
  44   45.0  94320.906407    0   22    0
  45   47.0  94426.066208    0   23    1
  46   47.0  94426.224682    0   23    0
  47   49.0  94535.988548    0   24    1
  48   49.0  94536.161421    0   24    0
  49   51.0  94650.371086    0   25    1
  50   51.0  94650.529582    0   25    0
  51   53.0  94769.055555    0   26    1
  52   53.0  94769.185287    0   26    0
  53   55.0  94888.819097    0   27    1
  54   55.0  94888.862513    0   27    0
  55   57.0  95021.560660    0   28    0
  56   57.0  95064.637377    0   28    1
  57   59.0  95152.934842    0   29    1
  58   59.0  95153.007058    0   29    0
  59   61.0  95286.927852    0   30    1
  60   61.0  95287.043242    0   30    0
  61    3.0  95299.176028    1    1    0
  62    3.0  95299.190408    1    1    1
  63    5.0  95307.995706    1    2    1
  64    5.0  95308.010111    1    2    0
  65    7.0  95321.232428    1    3    1
  66    7.0  95321.232454    1    3    0
  67    9.0  95338.958128    1    4    1
  68    9.0  95338.958161    1    4    0
  69   11.0  95361.187189    1    5    1
  70   11.0  95361.187232    1    5    0
  71   13.0  95387.977166    1    6    1
  72   13.0  95387.977216    1    6    0
  73   15.0  95419.328057    1    7    1
  74   15.0  95419.356892    1    7    0
  75   63.0  95439.970256    0   31    1
  76   63.0  95439.984945    0   31    0
  77   17.0  95455.283025    1    8    1
  78   17.0  95455.283093    1    8    0
  79   19.0  95495.798985    1    9    0
  80   19.0  95495.842072    1    9    1
  81   21.0  95540.904567    1   10    0
  82   21.0  95540.918870    1   10    1
  83   65.0  95581.905290    0   32    1
  84   65.0  95581.977542    0   32    0
  85   23.0  95590.585451    1   11    0
  86   23.0  95590.599745    1   11    1
  87   25.0  95644.855921    1   12    1
  88   25.0  95644.856024    1   12    0
  89   27.0  95703.701787    1   13    1
  90   27.0  95703.701899    1   13    0
  91   67.0  95730.300420    0   33    1
  92   67.0  95730.387072    0   33    0
  93   29.0  95767.065404    1   14    1
  94   29.0  95767.094300    1   14    0
  95   31.0  95835.018710    1   15    1
  96   31.0  95835.033227    1   15    0
  97   69.0  95884.904116    0   34    1
  98   69.0  95884.904455    0   34    0
  99   33.0  95907.475378    1   16    1
 100   33.0  95907.489905    1   16    0
 101   35.0  95984.493108    1   17    0
 102   35.0  95984.507347    1   17    1
 103   71.0  96044.650584    0   35    1
 104   71.0  96044.650937    0   35    0
 105   37.0  96066.013904    1   18    1
 106   37.0  96066.042838    1   18    0
 107   39.0  96152.081374    1   19    1
 108   39.0  96152.095929    1   19    0
 109   73.0  96208.853100    0   36    1
 110   73.0  96208.853466    0   36    0
 111   41.0  96242.623430    1   20    1
 112   41.0  96242.652384    1   20    0
 113   43.0  96337.654460    1   21    1
 114   43.0  96337.712199    1   21    0
 115   75.0  96377.502523    0   37    1
 116   75.0  96377.502905    0   37    0
 117   45.0  96437.145688    1   22    1
 118   45.0  96437.246601    1   22    0
 119   47.0  96540.780584    1   23    1
 120   47.0  96541.269976    1   23    0
 121   77.0  96550.589465    0   38    1
 122   77.0  96550.589860    0   38    0
 123   49.0  96649.652836    1   24    0
 124   49.0  96650.300067    1   24    1
 125   79.0  96728.104277    0   39    1
 126   79.0  96728.104687    0   39    0
 127   51.0  96762.121812    1   25    0
 128   51.0  96762.639541    1   25    1
 129   53.0  96881.208908    1   26    1
 130   53.0  96884.978746    1   26    0
 131   81.0  96910.037060    0   40    1
 132   81.0  96910.037486    0   40    0
 133   55.0  97002.727758    1   27    1
 134   55.0  97003.332296    1   27    0
 135   83.0  97096.377659    0   41    1
 136   83.0  97096.378101    0   41    0
 137   57.0  97128.908232    1   28    1
 138   57.0  97129.440845    1   28    0
 139   59.0  97257.836759    1   29    1
 140   59.0  97260.196630    1   29    0
 141   85.0  97287.115669    0   42    1
 142   85.0  97287.116126    0   42    0
 143    7.0  97332.527516    2    3    1
 144    3.0  97374.870773    2    1    0
 145    3.0  97374.899540    2    1    1
 146    5.0  97383.834345    2    2    0
 147    5.0  97383.877491    2    2    1
 148   61.0  97395.427000    1   30    0
 149   61.0  97395.484262    1   30    1
 150    7.0  97397.272505    2    3    0
 151    9.0  97415.213995    2    4    1
 152    9.0  97415.214028    2    4    0
 153   11.0  97437.601365    2    5    0
 154   11.0  97437.615710    2    5    1
 155   13.0  97464.434463    2    6    1
 156   13.0  97464.535227    2    6    0
 157   87.0  97482.240426    0   43    1
 158   87.0  97482.240900    0   43    0
 159   15.0  97495.497598    2    7    1
 160   15.0  97495.871739    2    7    0
 161   17.0  97531.740389    2    8    0
 162   17.0  97531.927363    2    8    1
 163   63.0  97535.030939    1   31    1
 164   63.0  97535.146342    1   31    0
 165   19.0  97572.054852    2    9    0
 166   19.0  97572.126715    2    9    1
 167   21.0  97616.843903    2   10    0
 168   21.0  97616.915758    2   10    1
 169   23.0  97666.078766    2   11    0
 170   23.0  97666.136224    2   11    1
 171   65.0  97679.037811    1   32    1
 172   65.0  97679.268329    1   32    0
 173   89.0  97681.741016    0   44    1
 174   89.0  97681.741506    0   44    0
 175   25.0  97719.773829    2   12    0
 176   25.0  97719.874441    2   12    1
 177   27.0  97777.957867    2   13    0
 178   27.0  97778.000918    2   13    1
 179   67.0  97827.361002    1   33    1
 180   67.0  97827.836125    1   33    0
 181   29.0  97840.602104    2   14    0
 182   29.0  97840.688309    2   14    1
 183   91.0  97885.606270    0   45    1
 184   91.0  97885.606777    0   45    0
 185   31.0  97907.692153    2   15    0
 186   31.0  97907.749574    2   15    1
 187   33.0  97979.213626    2   16    0
 188   33.0  97979.242261    2   16    1
 189   69.0  97987.189175    1   34    1
 190   69.0  97987.189515    1   34    0
 191   35.0  98055.195297    2   17    0
 192   35.0  98055.252699    2   17    1
 193   93.0  98093.824763    0   46    1
 194   93.0  98093.825289    0   46    0
 195   37.0  98135.579617    2   18    0
 196   37.0  98135.680173    2   18    1
 197   71.0  98144.624948    1   35    1
 198   71.0  98144.625301    1   35    0
 199   39.0  98220.452912    2   19    0
 200   39.0  98220.539071    2   19    1
 201   95.0  98306.384821    0   47    1
 202   95.0  98306.385364    0   47    0
 203   73.0  98306.448851    1   36    1
 204   73.0  98306.449218    1   36    0
 205   41.0  98309.700079    2   20    0
 206   41.0  98309.815003    2   20    1
 207   43.0  98403.378668    2   21    0
 208   43.0  98403.507970    2   21    1
 209   75.0  98472.651584    1   37    1
 210   75.0  98472.651966    1   37    0
 211   45.0  98501.359191    2   22    0
 212   45.0  98501.589197    2   22    1
 213   97.0  98523.274512    0   48    1
 214   97.0  98523.275074    0   48    0
 215   47.0  98603.670422    2   23    0
 216   47.0  98604.044296    2   23    1
 217   77.0  98643.223593    1   38    1
 218   77.0  98643.223988    1   38    0
 219   49.0  98710.024606    2   24    0
 220   49.0  98710.916429    2   24    1
 221   99.0  98744.481651    0   49    1
 222   99.0  98744.482232    0   49    0
 223   51.0  98818.004598    2   25    0
 224   79.0  98818.155060    1   39    1
 225   79.0  98818.155470    1   39    0
 226   51.0  98822.076106    2   25    1
 227   53.0  98937.422613    2   26    1
 228   53.0  98940.947858    2   26    0
 229  101.0  98969.993800    0   50    1
 230  101.0  98969.994401    0   50    0
 231   81.0  98997.435912    1   40    1
 232   81.0  98997.436338    1   40    0
 233   55.0  99056.567481    2   27    1
 234   55.0  99059.862532    2   27    0
 235   57.0  99177.410092    2   28    1
 236   83.0  99181.055817    1   41    1
 237   83.0  99181.056259    1   41    0
 238   57.0  99183.985568    2   28    0
 239   59.0  99312.583188    2   29    0
 240   59.0  99317.791284    2   29    1
 241   85.0  99369.004185    1   42    1
 242   85.0  99369.004643    1   42    0
 243    3.0  99407.517303    3    1    1
 244    3.0  99407.517311    3    1    0
 245    5.0  99416.351376    3    2    1
 246    5.0  99416.351393    3    2    0
 247    7.0  99429.573736    3    3    0
 248    7.0  99429.616874    3    3    1
 249   61.0  99445.439575    2   30    0
 250    9.0  99447.241892    3    4    0
 251    9.0  99447.270635    3    4    1
 252   61.0  99448.403168    2   30    1
 253   11.0  99469.327043    3    5    1
 254   11.0  99469.327086    3    5    0
 255   13.0  99495.786102    3    6    1
 256   13.0  99495.814927    3    6    0
 257   15.0  99526.691031    3    7    0
 258   15.0  99526.705359    3    7    1
 259   87.0  99561.270168    1   43    1
 260   87.0  99561.270642    1   43    0
 261   17.0  99561.969715    3    8    1
 262   17.0  99561.984170    3    8    0
 263   63.0  99582.238200    2   31    0
 264   63.0  99585.216168    2   31    1
 265   19.0  99601.694271    3    9    1
 266   19.0  99601.708734    3    9    0
 267   21.0  99645.807088    3   10    1
 268   21.0  99645.821560    3   10    0
 269   23.0  99694.322553    3   11    1
 270   23.0  99694.322647    3   11    0
 271   65.0  99726.834671    2   32    1
 272   65.0  99733.611624    2   32    0
 273   25.0  99747.211892    3   12    1
 274   25.0  99747.240770    3   12    0
 275   89.0  99757.842659    1   44    1
 276   89.0  99757.843149    1   44    0
 277   27.0  99804.547042    3   13    1
 278   27.0  99804.575929    3   13    0
 279   29.0  99866.227289    3   14    1
 280   29.0  99866.241798    3   14    0
 281   67.0  99872.970920    2   33    1
 282   67.0  99874.194207    2   33    0
 283   31.0  99932.324703    3   15    0
 284   31.0  99932.353349    3   15    1
 285   91.0  99958.710292    1   45    1
 286   91.0  99958.710799    1   45    0
 287   33.0 100002.795869    3   16    0
 288   33.0 100002.810117    3   16    1
 289   69.0 100023.044228    2   34    1
 290   69.0 100023.044567    2   34    0
 291   35.0 100077.626370    3   17    1
 292   35.0 100077.655294    3   17    0
 293   37.0 100156.902822    3   18    1
 294   37.0 100156.946144    3   18    0
 295   93.0 100163.861443    1   46    1
 296   93.0 100163.861969    1   46    0
 297   71.0 100178.118298    2   35    1
 298   71.0 100178.118651    2   35    0
 299   39.0 100240.466820    3   19    1
 300   39.0 100240.495763    3   19    0
 301   41.0 100328.462241    3   20    1
 302   41.0 100328.462419    3   20    0
 303   73.0 100337.511404    2   36    1
 304   73.0 100337.511771    2   36    0
 305   95.0 100373.284233    1   47    1
 306   95.0 100373.284776    1   47    0
 307   43.0 100420.773982    3   21    1
 308   43.0 100420.774171    3   21    0
 309   75.0 100501.214108    2   37    1
 310   75.0 100501.214490    2   37    0
 311   45.0 100517.531733    3   22    0
 312   45.0 100517.560310    3   22    1
 313   97.0 100586.966519    1   48    1
 314   97.0 100586.967081    1   48    0
 315   47.0 100618.504901    3   23    0
 316   47.0 100618.533468    3   23    1
 317   77.0 100669.216714    2   38    1
 318   77.0 100669.217110    2   38    0
 319   49.0 100723.866330    3   24    0
 320   49.0 100723.880498    3   24    1
 321   99.0 100804.895905    1   49    1
 322   99.0 100804.896485    1   49    0
 323   51.0 100833.544078    3   25    0
 324   51.0 100833.558234    3   25    1
 325   79.0 100841.509263    2   39    1
 326   79.0 100841.509673    2   39    0
 327   53.0 100947.609842    3   26    1
 328   53.0 100947.682023    3   26    0
 329   81.0 101018.081531    2   40    1
 330   81.0 101018.081957    2   40    0
 331  101.0 101027.059732    1   50    1
 332  101.0 101027.060333    1   50    0
 333   55.0 101065.704403    3   27    1
 334   55.0 101065.934859    3   27    0
 335   57.0 101186.446300    3   28    1
 336   57.0 101188.518404    3   28    0
 337   83.0 101198.923035    2   41    1
 338   83.0 101198.923477    2   41    0
 339   59.0 101315.317553    3   29    0
 340   59.0 101316.295644    3   29    1
 341   85.0 101384.023030    2   42    1
 342   85.0 101384.023487    2   42    0
 343    3.0 101390.540431    4    1    0
 344    3.0 101390.583587    4    1    1
 345    5.0 101399.158697    4    2    0
 346    5.0 101399.230619    4    2    1
 347    7.0 101412.107673    4    3    0
 348    7.0 101412.222750    4    3    1
 349    9.0 101429.372971    4    4    0
 350    9.0 101429.531204    4    4    1
 351   61.0 101445.756795    3   30    0
 352   61.0 101447.267223    3   30    1
 353   11.0 101451.026531    4    5    0
 354   11.0 101451.155979    4    5    1
 355   13.0 101477.010801    4    6    0
 356   13.0 101477.140241    4    6    1
 357   15.0 101507.340169    4    7    0
 358   15.0 101507.455212    4    7    1
 359   17.0 101542.043410    4    8    0
 360   17.0 101542.158445    4    8    1
 361   87.0 101573.370507    2   43    1
 362   87.0 101573.370980    2   43    0
 363   19.0 101581.062974    4    9    0
 364   19.0 101581.178000    4    9    1
 365   63.0 101582.742160    3   31    1
 366   63.0 101584.799912    3   31    0
 367   21.0 101624.470799    4   10    0
 368   21.0 101624.528265    4   10    1
 369   23.0 101672.209334    4   11    0
 370   23.0 101672.238016    4   11    1
 371   65.0 101722.432702    3   32    1
 372   65.0 101723.238731    3   32    0
 373   25.0 101724.278578    4   12    0
 374   25.0 101724.307251    4   12    1
 375   89.0 101766.954195    2   44    1
 376   89.0 101766.954686    2   44    0
 377   27.0 101780.678533    4   13    0
 378   27.0 101780.721584    4   13    1
 379   29.0 101841.394809    4   14    0
 380   29.0 101841.423463    4   14    1
 381   67.0 101866.022316    3   33    1
 382   67.0 101867.303154    3   33    0
 383   31.0 101906.470570    4   15    0
 384   31.0 101906.513603    4   15    1
 385   91.0 101964.762565    2   45    1
 386   91.0 101964.763072    2   45    0
 387   33.0 101975.819490    4   16    0
 388   33.0 101975.862513    4   16    1
 389   69.0 102015.593213    3   34    1
 390   69.0 102015.593552    3   34    0
 391   35.0 102049.527893    4   17    0
 392   35.0 102049.556520    4   17    1
 393   37.0 102127.538231    4   18    0
 394   37.0 102127.552461    4   18    1
 395   93.0 102166.783818    2   46    1
 396   93.0 102166.784344    2   46    0
 397   71.0 102168.289568    3   35    1
 398   71.0 102168.289921    3   35    0
 399   39.0 102209.850503    4   19    0
 400   39.0 102209.864723    4   19    1
 401   41.0 102296.464709    4   20    0
 402   41.0 102296.478918    4   20    1
 403   73.0 102325.235111    3   36    1
 404   73.0 102325.235477    3   36    0
 405   95.0 102373.005901    2   47    1
 406   95.0 102373.006444    2   47    0
 407   43.0 102387.352071    4   21    0
 408   43.0 102387.380658    4   21    1
 409   45.0 102482.541167    4   22    1
 410   45.0 102482.555754    4   22    0
 411   75.0 102486.420244    3   37    1
 412   75.0 102486.420625    3   37    0
 413   47.0 102582.018206    4   23    0
 414   47.0 102582.794937    4   23    1
 415   97.0 102583.416494    2   48    1
 416   97.0 102583.417056    2   48    0
 417   77.0 102651.835104    3   38    1
 418   77.0 102651.835499    3   38    0
 419   49.0 102685.782592    4   24    0
 420   49.0 102685.825536    4   24    1
 421   51.0 102793.776971    4   25    0
 422   51.0 102793.819904    4   25    1
 423   99.0 102798.003017    2   49    1
 424   99.0 102798.003598    2   49    0
 425   79.0 102821.469561    3   39    1
 426   79.0 102821.469971    3   39    0
 427   53.0 102906.058894    4   26    0
 428   53.0 102906.087428    4   26    1
 429   81.0 102995.313217    3   40    1
 430   81.0 102995.313643    3   40    0
 431  101.0 103016.752627    2   50    1
 432  101.0 103016.753228    2   50    0
 433   55.0 103022.599586    4   27    0
 434   55.0 103022.628110    4   27    1
 435   57.0 103143.399048    4   28    0
 436   57.0 103143.413170    4   28    1
 437   83.0 103173.355410    3   41    1
 438   83.0 103173.355851    3   41    0
 439   59.0 103268.414113    4   29    0
 440   59.0 103268.442611    4   29    1
 441    3.0 103321.422267    5    1    1
 442    3.0 103321.422275    5    1    0
 443    5.0 103330.026136    5    2    1
 444    5.0 103330.026153    5    2    0
 445    7.0 103342.903164    5    3    1
 446    7.0 103342.903190    5    3    0
 447   85.0 103355.585209    3   42    1
 448   85.0 103355.585666    3   42    0
 449    9.0 103359.995802    5    4    1
 450    9.0 103359.995835    5    4    0
 451   11.0 103381.390373    5    5    1
 452   11.0 103381.390415    5    5    0
 453   61.0 103397.616007    4   30    0
 454   61.0 103397.687657    4   30    1
 455   13.0 103407.058104    5    6    1
 456   13.0 103407.058154    5    6    0
 457   15.0 103437.042156    5    7    1
 458   15.0 103437.042216    5    7    0
 459   17.0 103471.256205    5    8    1
 460   17.0 103471.256272    5    8    0
 461   19.0 103509.743413    5    9    1
 462   19.0 103509.743488    5    9    0
 463   63.0 103531.062282    4   31    0
 464   63.0 103531.148307    4   31    1
 465   87.0 103541.991418    3   43    1
 466   87.0 103541.991891    3   43    0
 467   21.0 103552.489392    5   10    1
 468   21.0 103552.489476    5   10    0
 469   23.0 103599.522917    5   11    1
 470   23.0 103599.523011    5   11    0
 471   25.0 103650.815213    5   12    1
 472   25.0 103650.815315    5   12    0
 473   65.0 103668.652221    4   32    0
 474   65.0 103668.867725    4   32    1
 475   27.0 103706.409443    5   13    1
 476   27.0 103706.409555    5   13    0
 477   89.0 103732.562572    3   44    1
 478   89.0 103732.563063    3   44    0
 479   29.0 103766.204893    5   14    1
 480   29.0 103766.205014    5   14    0
 481   67.0 103810.241949    4   33    0
 482   67.0 103810.673256    4   33    1
 483   31.0 103830.259113    5   15    1
 484   31.0 103830.403121    5   15    0
 485   33.0 103898.543328    5   16    1
 486   33.0 103898.543468    5   16    0
 487   91.0 103927.286945    3   45    1
 488   91.0 103927.287452    3   45    0
 489   69.0 103958.237675    4   34    1
 490   69.0 103958.238015    4   34    0
 491   35.0 103971.115089    5   17    1
 492   35.0 103971.115238    5   17    0
 493   37.0 104047.888228    5   18    0
 494   37.0 104048.017559    5   18    1
 495   71.0 104108.538085    4   35    1
 496   71.0 104108.538439    4   35    0
 497   93.0 104126.152536    3   46    1
 498   93.0 104126.153062    3   46    0
 499   39.0 104128.934208    5   19    1
 500   39.0 104128.934375    5   19    0
 501   41.0 104214.181743    5   20    0
 502   41.0 104214.224728    5   20    1
 503   73.0 104263.017610    4   36    1
 504   73.0 104263.017976    4   36    0
 505   43.0 104303.644716    5   21    0
 506   43.0 104303.702079    5   21    1
 507   95.0 104329.147086    3   47    1
 508   95.0 104329.147629    3   47    0
 509   45.0 104397.351872    5   22    1
 510   45.0 104397.352071    5   22    0
 511   75.0 104421.666514    4   37    1
 512   75.0 104421.666895    4   37    0
 513   47.0 104495.260436    5   23    1
 514   47.0 104495.260644    5   23    0
 515   97.0 104536.258063    3   48    1
 516   97.0 104536.258625    3   48    0
 517   77.0 104584.474794    4   38    1
 518   77.0 104584.475189    4   38    0
 519   49.0 104597.427768    5   24    1
 520   49.0 104597.427988    5   24    0
 521   51.0 104703.623665    5   25    1
 522   51.0 104703.623896    5   25    0
 523   99.0 104747.472672    3   49    1
 524   99.0 104747.473253    3   49    0
 525   79.0 104751.432176    4   39    1
 526   79.0 104751.432586    4   39    0
 527   53.0 104814.107106    5   26    1
 528   53.0 104814.107348    5   26    0
 529   81.0 104922.528113    4   40    1
 530   81.0 104922.528539    4   40    0
 531   55.0 104928.762989    5   27    1
 532   55.0 104928.763242    5   27    0
 533  101.0 104962.777850    3   50    1
 534  101.0 104962.778450    3   50    0
 535   57.0 105047.533762    5   28    1
 536   57.0 105047.649130    5   28    0
 537   83.0 105097.751792    4   41    1
 538   83.0 105097.752233    4   41    0
 539   59.0 105170.750344    5   29    1
 540   59.0 105170.808172    5   29    0
 541    3.0 105202.695081    6    1    1
 542    3.0 105202.723864    6    1    0
 543    5.0 105211.097538    6    2    0
 544    5.0 105211.140684    6    2    1
 545    7.0 105223.701207    6    3    0
 546    7.0 105223.744345    6    3    1
 547    9.0 105240.448546    6    4    0
 548    9.0 105240.462901    6    4    1
 549   11.0 105261.368288    6    5    1
 550   11.0 105261.397106    6    5    0
 551   85.0 105277.092126    4   42    1
 552   85.0 105277.092583    4   42    0
 553   13.0 105286.302293    6    6    0
 554   13.0 105286.316630    6    6    1
 555   61.0 105297.506306    5   30    1
 556   61.0 105297.621697    5   30    0
 557   15.0 105314.890741    6    7    0
 558   15.0 105314.905069    6    7    1
 559   17.0 105350.672997    6    8    1
 560   17.0 105350.701839    6    8    0
 561   19.0 105387.606325    6    9    1
 562   19.0 105387.750279    6    9    0
 563   63.0 105427.571443    5   31    1
 564   63.0 105428.708377    5   31    0
 565   21.0 105428.769650    6   10    1
 566   21.0 105429.273306    6   10    0
 567   87.0 105460.537759    4   43    1
 568   87.0 105460.538232    4   43    0
 569   23.0 105471.558783    6   11    1
 570   23.0 105474.781737    6   11    0
 571   25.0 105523.829550    6   12    0
 572   25.0 105526.045164    6   12    1
 573   65.0 105561.996374    5   32    0
 574   65.0 105562.830551    5   32    1
 575   27.0 105574.848478    6   13    0
 576   27.0 105578.114390    6   13    1
 577   29.0 105647.938115    6   14    1
 578   89.0 105648.077064    4   44    1
 579   89.0 105648.077555    4   44    0
 580   29.0 105649.017319    6   14    0
 581   67.0 105703.485387    5   33    0
 582   67.0 105704.981389    5   33    1
 583   31.0 105706.985392    6   15    1
 584   31.0 105708.395523    6   15    0
 585   33.0 105774.291238    6   16    1
 586   33.0 105774.406480    6   16    0
 587   91.0 105839.698146    4   45    1
 588   91.0 105839.698652    4   45    0
 589   35.0 105845.079065    6   17    0
 590   35.0 105845.568100    6   17    1
 591   69.0 105848.349082    5   34    1
 592   69.0 105848.349421    5   34    0
 593   37.0 105920.183073    6   18    0
 594   37.0 105920.283629    6   18    1
 595   71.0 105996.236426    5   35    1
 596   71.0 105996.236779    5   35    0
 597   39.0 105999.574628    6   19    0
 598   39.0 105999.646399    6   19    1
 599   93.0 106035.388834    4   46    1
 600   93.0 106035.389360    4   46    0
 601   41.0 106083.268116    6   20    0
 602   41.0 106083.339877    6   20    1
 603   73.0 106148.232321    5   36    1
 604   73.0 106148.232687    5   36    0
 605   43.0 106171.162822    6   21    0
 606   43.0 106171.234573    6   21    1
 607   95.0 106235.136694    4   47    1
 608   95.0 106235.137237    4   47    0
 609   45.0 106263.229773    6   22    1
 610   45.0 106263.273135    6   22    0
 611   75.0 106304.326896    5   37    1
 612   75.0 106304.327277    5   37    0
 613   47.0 106359.440788    6   23    0
 614   47.0 106359.454967    6   23    1
 615   97.0 106438.929016    4   48    1
 616   97.0 106438.929579    4   48    0
 617   49.0 106459.881380    6   24    1
 618   49.0 106459.881599    6   24    0
 619   77.0 106464.510007    5   38    1
 620   77.0 106464.510402    5   38    0
 621   51.0 106564.350744    6   25    1
 622   51.0 106564.379750    6   25    0
 623   79.0 106628.771236    5   39    1
 624   79.0 106628.771646    5   39    0
 625   99.0 106646.752823    4   49    1
 626   99.0 106646.753404    4   49    0
 627   53.0 106673.050101    6   26    1
 628   53.0 106673.079119    6   26    0
 629   55.0 106785.806799    6   27    1
 630   55.0 106785.850215    6   27    0
 631   81.0 106797.099887    5   40    1
 632   81.0 106797.100313    5   40    0
 633  101.0 106858.594864    4   50    1
 634  101.0 106858.595465    4   50    0
 635   57.0 106902.707162    6   28    1
 636   57.0 106902.721815    6   28    0
 637   83.0 106969.484995    5   41    1
 638   83.0 106969.485436    5   41    0
 639   59.0 107023.492211    6   29    1
 640   59.0 107023.751468    6   29    0
 641    3.0 107037.063766    7    1    1
 642    3.0 107037.063774    7    1    0
 643    5.0 107045.336716    7    2    1
 644    5.0 107045.379897    7    2    0
 645    7.0 107057.753361    7    3    0
 646    7.0 107057.782112    7    3    1
 647    9.0 107074.313626    7    4    1
 648    9.0 107074.428761    7    4    0
 649   11.0 107095.003239    7    5    0
 650   11.0 107095.060748    7    5    1
 651   13.0 107119.850875    7    6    0
 652   13.0 107119.908376    7    6    1
 653   85.0 107145.915318    5   42    1
 654   85.0 107145.915775    5   42    0
 655   61.0 107148.852848    6   30    0
 656   15.0 107148.899732    7    7    0
 657   15.0 107148.914060    7    7    1
 658   61.0 107150.449602    6   30    1
 659   17.0 107182.005862    7    8    1
 660   17.0 107182.020317    7    8    0
 661   19.0 107219.241410    7    9    0
 662   19.0 107219.255722    7    9    1
 663   21.0 107260.620560    7   10    0
 664   21.0 107260.634863    7   10    1
 665   63.0 107278.241772    6   31    0
 666   63.0 107278.356573    6   31    1
 667   23.0 107306.143378    7   11    0
 668   23.0 107306.157672    7   11    1
 669   87.0 107326.379340    5   43    1
 670   87.0 107326.379814    5   43    0
 671   25.0 107355.780987    7   12    1
 672   25.0 107355.781090    7   12    0
 673   27.0 107409.533694    7   13    0
 674   27.0 107409.562358    7   13    1
 675   65.0 107411.472217    6   32    0
 676   65.0 107411.515067    6   32    1
 677   29.0 107467.401192    7   14    0
 678   29.0 107467.415459    7   14    1
 679   89.0 107510.865271    5   44    1
 680   89.0 107510.865762    5   44    0
 681   31.0 107529.369195    7   15    0
 682   31.0 107529.397841    7   15    1
 683   67.0 107548.443471    6   33    0
 684   67.0 107548.788451    6   33    1
 685   33.0 107595.480727    7   16    1
 686   33.0 107595.480866    7   16    0
 687   35.0 107665.721669    7   17    1
 688   35.0 107665.721818    7   17    0
 689   69.0 107688.616695    6   34    1
 690   69.0 107688.617035    6   34    0
 691   91.0 107699.361049    5   45    1
 692   91.0 107699.361556    5   45    0
 693   37.0 107739.962560    7   18    0
 694   37.0 107739.991177    7   18    1
 695   39.0 107818.332583    7   19    0
 696   39.0 107818.361191    7   19    1
 697   71.0 107834.077965    6   35    1
 698   71.0 107834.078319    6   35    0
 699   93.0 107891.854332    5   46    1
 700   93.0 107891.854858    5   46    0
 701   41.0 107900.803111    7   20    0
 702   41.0 107900.860483    7   20    1
 703   73.0 107983.577338    6   36    1
 704   73.0 107983.577705    6   36    0
 705   43.0 107987.374142    7   21    0
 706   43.0 107987.445893    7   21    1
 707   45.0 108078.002514    7   22    0
 708   45.0 108078.074254    7   22    1
 709   95.0 108088.332511    5   47    1
 710   95.0 108088.333054    5   47    0
 711   75.0 108137.104845    6   37    1
 712   75.0 108137.105227    6   37    0
 713   47.0 108172.659452    7   23    0
 714   47.0 108172.745570    7   23    1
 715   49.0 108271.416894    7   24    0
 716   49.0 108271.531777    7   24    1
 717   97.0 108288.782698    5   48    1
 718   97.0 108288.783260    5   48    0
 719   77.0 108294.650246    6   38    1
 720   77.0 108294.650642    6   38    0
 721   51.0 108374.174125    7   25    0
 722   51.0 108374.346547    7   25    1
 723   79.0 108456.203020    6   39    1
 724   79.0 108456.203430    6   39    0
 725   53.0 108481.611552    7   26    1
 726   53.0 108481.611794    7   26    0
 727   99.0 108493.191732    5   49    1
 728   99.0 108493.192313    5   49    0
 729   55.0 108592.568290    7   27    1
 730   55.0 108592.568542    7   27    0
 731   81.0 108621.752369    6   40    1
 732   81.0 108621.752794    6   40    0
 733  101.0 108701.546178    5   50    1
 734  101.0 108701.546778    5   50    0
 735   57.0 108707.561946    7   28    1
 736   57.0 108707.562211    7   28    0
 737   83.0 108791.287219    6   41    1
 738   83.0 108791.287661    6   41    0
 739    3.0 108821.046482    8    1    1
 740    3.0 108821.046490    8    1    0
 741   59.0 108826.584603    7   29    1
 742   59.0 108826.584880    7   29    0
 743    5.0 108829.118004    8    2    1
 744    5.0 108829.132409    8    2    0
 745    7.0 108841.347583    8    3    1
 746    7.0 108841.347608    8    3    0
 747    9.0 108857.620150    8    4    0
 748    9.0 108857.634505    8    4    1
 749   11.0 108877.921218    8    5    1
 750   11.0 108877.935648    8    5    0
 751   13.0 108902.365988    8    6    1
 752   13.0 108902.394814    8    6    0
 753   15.0 108930.824937    8    7    1
 754   15.0 108930.824997    8    7    0
 755   61.0 108949.628060    7   30    1
 756   61.0 108949.628348    7   30    0
 757   17.0 108963.355616    8    8    1
 758   17.0 108963.355684    8    8    0
 759   85.0 108964.796222    6   42    1
 760   85.0 108964.796679    6   42    0
 761   19.0 108999.900476    8    9    1
 762   19.0 108999.929327    8    9    0
 763   21.0 109040.574616    8   10    1
 764   21.0 109040.589088    8   10    0
 765   63.0 109076.683832    7   31    1
 766   63.0 109076.684133    7   31    0
 767   23.0 109085.262934    8   11    1
 768   23.0 109085.277416    8   11    0
 769   25.0 109134.008595    8   12    1
 770   25.0 109134.023085    8   12    0
 771   87.0 109142.267749    6   43    1
 772   87.0 109142.268223    6   43    0
 773   27.0 109186.768435    8   13    1
 774   27.0 109186.782934    8   13    0
 775   65.0 109207.743151    7   32    1
 776   65.0 109207.743464    7   32    0
 777   29.0 109243.556840    8   14    1
 778   29.0 109243.672064    8   14    0
 779   31.0 109304.215547    8   15    1
 780   31.0 109304.445881    8   15    0
 781   89.0 109323.689896    6   44    1
 782   89.0 109323.690387    6   44    0
 783   67.0 109342.796968    7   33    1
 784   67.0 109342.797294    7   33    0
 785   33.0 109369.277042    8   16    0
 786   33.0 109372.729966    8   16    1
 787   35.0 109437.935338    8   17    0
 788   35.0 109442.467337    8   17    1
 789   69.0 109481.835949    7   34    1
 790   69.0 109481.836288    7   34    0
 791   37.0 109508.809343    8   18    0
 792   91.0 109509.050483    6   45    1
 793   91.0 109509.050990    6   45    0
 794   37.0 109511.787453    8   18    1
 795   39.0 109588.689914    8   19    1
 796   39.0 109589.668449    8   19    0
 797   71.0 109624.850479    7   35    1
 798   71.0 109624.850832    7   35    0
 799   41.0 109670.009409    8   20    1
 800   41.0 109670.009587    8   20    0
 801   93.0 109698.337050    6   46    1
 802   93.0 109698.337576    6   46    0
 803   43.0 109755.420324    8   21    1
 804   43.0 109755.420513    8   21    0
 805   73.0 109771.830660    7   36    1
 806   73.0 109771.831026    7   36    0
 807   45.0 109844.530941    8   22    1
 808   45.0 109844.531140    8   22    0
 809   95.0 109891.536864    6   47    1
 810   95.0 109891.537407    6   47    0
 811   75.0 109922.766308    7   37    1
 812   75.0 109922.766690    7   37    0
 813   47.0 109937.642482    8   23    1
 814   47.0 109937.642690    8   23    0
 815   49.0 110034.748337    8   24    1
 816   49.0 110034.748557    8   24    0
 817   77.0 110077.646963    7   38    1
 818   77.0 110077.647358    7   38    0
 819   97.0 110088.636912    6   48    1
 820   97.0 110088.637475    6   48    0
 821   51.0 110135.841611    8   25    1
 822   51.0 110135.841842    8   25    0
 823   79.0 110236.461875    7   39    1
 824   79.0 110236.462285    7   39    0
 825   53.0 110240.915122    8   26    1
 826   53.0 110240.915364    8   26    0
 827   99.0 110289.623908    6   49    1
 828   99.0 110289.624489    6   49    0
 829   55.0 110349.961401    8   27    1
 830   55.0 110349.961653    8   27    0
 831   81.0 110399.200015    7   40    1
 832   81.0 110399.200441    7   40    0
 833   57.0 110462.972689    8   28    1
 834   57.0 110462.972954    8   28    0
 835  101.0 110494.484284    6   50    1
 836  101.0 110494.484885    6   50    0
 837    3.0 110555.851802    9    1    1
 838    3.0 110555.851809    9    1    0
 839    5.0 110563.793833    9    2    1
 840    5.0 110563.793850    9    2    0
 841   83.0 110565.850070    7   41    1
 842   83.0 110565.850511    7   41    0
 843    7.0 110575.735657    9    3    1
 844    7.0 110575.735682    9    3    0
 845   59.0 110579.940942    8   29    1
 846   59.0 110579.941218    8   29    0
 847    9.0 110591.806762    9    4    1
 848    9.0 110591.806795    9    4    0
 849   11.0 110611.748169    9    5    1
 850   11.0 110611.748211    9    5    0
 851   13.0 110635.804470    9    6    1
 852   13.0 110635.804520    9    6    0
 853   15.0 110663.745458    9    7    1
 854   15.0 110663.745518    9    7    0
 855   17.0 110695.715015    9    8    1
 856   17.0 110695.715083    9    8    0
 857   61.0 110700.857829    8   30    1
 858   61.0 110700.858117    8   30    0
 859   19.0 110731.684363    9    9    1
 860   19.0 110731.684439    9    9    0
 861   85.0 110736.400445    7   42    1
 862   85.0 110736.400902    7   42    0
 863   21.0 110771.725442    9   10    1
 864   21.0 110771.725526    9   10    0
 865   23.0 110815.608045    9   11    1
 866   23.0 110815.608139    9   11    0
 867   63.0 110825.714730    8   31    1
 868   63.0 110825.715031    8   31    0
 869   25.0 110863.547991    9   12    1
 870   25.0 110863.548093    9   12    0
 871   87.0 110910.839262    7   43    1
 872   87.0 110910.839736    7   43    0
 873   27.0 110915.473340    9   13    1
 874   27.0 110915.473452    9   13    0
 875   65.0 110954.502739    8   32    1
 876   65.0 110954.503053    8   32    0
 877   29.0 110971.326541    9   14    1
 878   29.0 110971.326662    9   14    0
 879   31.0 111031.193920    9   15    1
 880   31.0 111031.194050    9   15    0
 881   67.0 111087.212663    8   33    1
 882   67.0 111087.212989    8   33    0
 883   89.0 111089.154360    7   44    1
 884   89.0 111089.154851    7   44    0
 885   33.0 111095.061090    9   16    1
 886   33.0 111095.061230    9   16    0
 887   35.0 111162.884887    9   17    1
 888   35.0 111162.885036    9   17    0
 889   69.0 111223.835019    8   34    1
 890   69.0 111223.835359    8   34    0
 891   37.0 111234.607760    9   18    1
 892   37.0 111234.607918    9   18    0
 893   91.0 111271.333295    7   45    1
 894   91.0 111271.333802    7   45    0
 895   39.0 111310.359200    9   19    1
 896   39.0 111310.359367    9   19    0
 897   71.0 111364.360041    8   35    1
 898   71.0 111364.360394    8   35    0
 899   41.0 111390.009714    9   20    1
 900   41.0 111390.009892    9   20    0
 901   93.0 111457.363339    7   46    1
 902   93.0 111457.363865    7   46    0
 903   43.0 111473.602467    9   21    1
 904   43.0 111473.602655    9   21    0
 905   73.0 111508.777672    8   36    1
 906   73.0 111508.778038    8   36    0
 907   45.0 111561.123070    9   22    1
 908   45.0 111561.123269    9   22    0
 909   95.0 111647.231484    7   47    1
 910   95.0 111647.232027    7   47    0
 911   47.0 111652.571526    9   23    1
 912   47.0 111652.571734    9   23    0
 913   75.0 111657.077568    8   37    1
 914   75.0 111657.077950    8   37    0
 915   49.0 111747.990994    9   24    1
 916   49.0 111747.991213    9   24    0
 917   77.0 111809.249101    8   38    1
 918   77.0 111809.249496    8   38    0
 919   97.0 111840.924438    7   48    1
 920   97.0 111840.925000    7   48    0
 921   51.0 111847.295149    9   25    1
 922   51.0 111847.295380    9   25    0
 923   53.0 111950.570317    9   26    1
 924   53.0 111950.570559    9   26    0
 925   79.0 111965.281353    8   39    1
 926   79.0 111965.281763    8   39    0
 927   99.0 112038.428624    7   49    1
 928   99.0 112038.429205    7   49    0
 929   55.0 112057.643846    9   27    1
 930   55.0 112057.644098    9   27    0
 931   81.0 112125.163117    8   40    1
 932   81.0 112125.163543    8   40    0
 933   57.0 112168.544509    9   28    1
 934   57.0 112168.544774    9   28    0
 935  101.0 112239.730186    7   50    1
 936  101.0 112239.730786    7   50    0
 937    3.0 112240.861051   10    1    1
 938    3.0 112240.861058   10    1    0
 939    5.0 112248.803082   10    2    1
 940    5.0 112248.803099   10    2    0
 941    7.0 112260.500314   10    3    1
 942    7.0 112260.500339   10    3    0
 943    9.0 112276.298052   10    4    1
 944    9.0 112276.298085   10    4    0
 945   59.0 112283.962920    9   29    1
 946   59.0 112283.963197    9   29    0
 947   83.0 112288.882903    8   41    1
 948   83.0 112288.883345    8   41    0
 949   11.0 112295.966090   10    5    1
 950   11.0 112295.966133   10    5    0
 951   13.0 112319.561983   10    6    1
 952   13.0 112319.562033   10    6    0
 953   15.0 112347.100114   10    7    1
 954   15.0 112347.100174   10    7    0
 955   17.0 112378.479772   10    8    1
 956   17.0 112378.479839   10    8    0
 957   61.0 112402.460591    9   30    0
 958   61.0 112402.503466    9   30    1
 959   19.0 112413.816058   10    9    1
 960   19.0 112413.816134   10    9    0
 961   21.0 112452.993870   10   10    1
 962   21.0 112452.993955   10   10    0
 963   85.0 112456.428931    8   42    1
 964   85.0 112456.429389    8   42    0
 965   23.0 112496.157086   10   11    1
 966   23.0 112496.157179   10   11    0
 967   63.0 112524.996518    9   31    1
 968   63.0 112524.996819    9   31    0
 969   25.0 112543.190602   10   12    1
 970   25.0 112543.190704   10   12    0
 971   27.0 112594.051367   10   13    0
 972   27.0 112594.180746   10   13    1
 973   87.0 112627.789135    8   43    1
 974   87.0 112627.789608    8   43    0
 975   29.0 112648.710393   10   14    0
 976   29.0 112648.954864   10   14    1
 977   65.0 112651.482786    9   32    1
 978   65.0 112651.483100    9   32    0
 979   31.0 112706.520330   10   15    0
 980   31.0 112707.671222   10   15    1
 981   33.0 112770.056451   10   16    1
 982   33.0 112772.646389   10   16    0
 983   67.0 112781.817311    9   33    1
 984   67.0 112781.817637    9   33    0
 985   89.0 112802.951159    8   44    1
 986   89.0 112802.951650    8   44    0
 987   35.0 112835.952287   10   17    1
 988   35.0 112838.053050   10   17    0
 989   37.0 112908.150115   10   18    0
 990   69.0 112915.990452    9   34    1
 991   69.0 112915.990791    9   34    0
 992   37.0 112917.142312   10   18    1
 993   91.0 112981.902363    8   45    1
 994   91.0 112981.902870    8   45    0
 995   39.0 112982.117480   10   19    0
 996   39.0 112984.980479   10   19    1
 997   71.0 113053.992276    9   35    1
 998   71.0 113053.992629    9   35    0
 999   41.0 113059.106268   10   20    0
1000   41.0 113061.983643   10   20    1
1001   43.0 113141.360968   10   21    0
1002   43.0 113143.648435   10   21    1
1003   93.0 113164.629817    8   46    1
1004   93.0 113164.630344    8   46    0
1005   73.0 113195.812558    9   36    1
1006   73.0 113195.812925    9   36    0
1007   45.0 113229.255465   10   22    1
1008   45.0 113230.823931   10   22    0
1009   47.0 113319.567495   10   23    0
1010   47.0 113319.840655   10   23    1
1011   75.0 113341.440782    9   37    1
1012   75.0 113341.441163    9   37    0
1013   95.0 113351.120308    8   47    1
1014   95.0 113351.120851    8   47    0
1015   49.0 113412.900529   10   24    1
1016   49.0 113413.059014   10   24    0
1017   77.0 113490.866138    9   38    1
1018   77.0 113490.866533    9   38    0
1019   51.0 113510.305498   10   25    1
1020   51.0 113510.305729   10   25    0
1021   97.0 113541.360329    8   48    1
1022   97.0 113541.360891    8   48    0
1023   53.0 113611.508827   10   26    1
1024   53.0 113611.509069   10   26    0
1025   79.0 113644.077525    9   39    1
1026   79.0 113644.077935    9   39    0
1027   55.0 113716.323477   10   27    1
1028   55.0 113716.323729   10   27    0
1029   99.0 113735.336091    8   49    1
1030   99.0 113735.336672    8   49    0
1031   81.0 113801.063550    9   40    1
1032   81.0 113801.063976    9   40    0
1033   57.0 113820.620419   10   28    0
1034   57.0 113822.591278   10   28    1
1035    3.0 113878.390660   11    1    1
1036    3.0 113878.390668   11    1    0
1037    5.0 113886.088099   11    2    1
1038    5.0 113886.088117   11    2    0
1039    7.0 113897.670229   11    3    1
1040    7.0 113897.670254   11    3    0
1041    9.0 113913.108272   11    4    1
1042    9.0 113913.108305   11    4    0
1043   11.0 113932.416617   11    5    1
1044   11.0 113932.416659   11    5    0
1045  101.0 113933.033516    8   50    1
1046  101.0 113933.034117    8   50    0
1047   59.0 113938.441599   10   29    0
1048   59.0 113938.455710   10   29    1
1049   13.0 113955.494549   11    6    1
1050   13.0 113955.494599   11    6    0
1051   83.0 113961.812526    9   41    1
1052   83.0 113961.812968    9   41    0
1053   15.0 113982.457170   11    7    1
1054   15.0 113982.457230   11    7    0
1055   17.0 114013.304481   11    8    1
1056   17.0 114013.304548   11    8    0
1057   19.0 114048.050868   11    9    1
1058   19.0 114048.050944   11    9    0
1059   61.0 114054.823702   10   30    1
1060   61.0 114055.672869   10   30    0
1061   21.0 114086.566843   11   10    1
1062   21.0 114086.566928   11   10    0
1063   85.0 114126.312478    9   42    1
1064   85.0 114126.312935    9   42    0
1065   23.0 114130.190467   11   11    1
1066   23.0 114130.190561   11   11    0
1067   63.0 114175.270110   10   31    1
1068   63.0 114175.270411   10   31    0
1069   25.0 114175.396736   11   12    1
1070   25.0 114175.396839   11   12    0
1071   27.0 114225.063206   11   13    1
1072   27.0 114225.063317   11   13    0
1073   29.0 114278.988445   11   14    1
1074   29.0 114278.988566   11   14    0
1075   87.0 114294.551134    9   43    1
1076   87.0 114294.551607    9   43    0
1077   65.0 114299.482262   10   32    1
1078   65.0 114299.482575   10   32    0
1079   31.0 114336.323577   11   15    1
1080   31.0 114336.323707   11   15    0
1081   33.0 114396.248498   11   16    1
1082   33.0 114396.248638   11   16    0
1083   67.0 114427.469876   10   33    1
1084   67.0 114427.470202   10   33    0
1085   35.0 114466.043419   11   17    1
1086   35.0 114466.043568   11   17    0
1087   89.0 114466.515932    9   44    1
1088   89.0 114466.516423    9   44    0
1089   37.0 114534.183738   11   18    1
1090   37.0 114534.183896   11   18    0
1091   69.0 114559.223151   10   34    1
1092   69.0 114559.223491   10   34    0
1093   39.0 114606.856195   11   19    1
1094   39.0 114606.856362   11   19    0
1095   91.0 114642.194020    9   45    1
1096   91.0 114642.194527    9   45    0
1097   41.0 114683.499665   11   20    1
1098   41.0 114683.499843   11   20    0
1099   71.0 114694.731992   10   35    1
1100   71.0 114694.732345   10   35    0
1101   43.0 114764.128537   11   21    1
1102   43.0 114764.128726   11   21    0
1103   93.0 114821.572248    9   46    1
1104   93.0 114821.572774    9   46    0
1105   73.0 114833.986004   10   36    1
1106   73.0 114833.986370   10   36    0
1107   45.0 114848.411893   11   22    1
1108   45.0 114848.412092   11   22    0
1109   47.0 114936.464835   11   23    1
1110   47.0 114936.465043   11   23    0
1111   75.0 114976.974495   10   37    1
1112   75.0 114976.974877   10   37    0
1113   95.0 115004.637182    9   47    1
1114   95.0 115004.637725    9   47    0
1115   49.0 115028.460014   11   24    1
1116   49.0 115028.460233   11   24    0
1117   77.0 115123.686479   10   38    1
1118   77.0 115123.686874   10   38    0
1119   51.0 115124.037736   11   25    1
1120   51.0 115124.037967   11   25    0
1121   97.0 115191.375088    9   48    1
1122   97.0 115191.375650    9   48    0
1123   53.0 115223.600860   11   26    1
1124   53.0 115223.601102   11   26    0
1125   79.0 115274.110669   10   39    1
1126   79.0 115274.111079   10   39    0
1127   55.0 115326.674589   11   27    1
1128   55.0 115326.674841   11   27    0
1129   99.0 115381.771946    9   49    1
1130   99.0 115381.772526    9   49    0
1131   81.0 115428.235484   10   40    1
1132   81.0 115428.235910   10   40    0
1133   57.0 115433.935147   11   28    1
1134   57.0 115433.935412   11   28    0
1135    3.0 115466.210525   12    1    1
1136    3.0 115466.210533   12    1    0
1137    5.0 115473.850413   12    2    1
1138    5.0 115473.850431   12    2    0
1139    7.0 115485.202338   12    3    1
1140    7.0 115485.202364   12    3    0
1141    9.0 115500.323851   12    4    1
1142    9.0 115500.323884   12    4    0
1143   11.0 115519.186175   12    5    1
1144   11.0 115519.186217   12    5    0
1145   13.0 115541.961964   12    6    1
1146   13.0 115541.962014   12    6    0
1147   59.0 115544.663145   11   29    1
1148   59.0 115544.663421   11   29    0
1149   15.0 115568.435401   12    7    1
1150   15.0 115568.435460   12    7    0
1151  101.0 115575.813438    9   50    1
1152  101.0 115575.814039    9   50    0
1153   83.0 115586.049045   10   41    1
1154   83.0 115586.049487   10   41    0
1155   17.0 115598.649649   12    8    1
1156   17.0 115598.649717   12    8    0
1157   19.0 115632.748588   12    9    1
1158   19.0 115632.748663   12    9    0
1159   61.0 115659.131951   11   30    1
1160   61.0 115659.132240   11   30    0
1161   21.0 115670.559562   12   10    1
1162   21.0 115670.559646   12   10    0
1163   23.0 115712.154510   12   11    1
1164   23.0 115712.154604   12   11    0
1165   85.0 115747.539177   10   42    1
1166   85.0 115747.539634   10   42    0
1167   25.0 115757.533433   12   12    1
1168   25.0 115757.533535   12   12    0
1169   63.0 115777.062672   11   31    1
1170   63.0 115777.062973   11   31    0
1171   27.0 115806.624391   12   13    1
1172   27.0 115806.624503   12   13    0
1173   29.0 115859.484935   12   14    1
1174   29.0 115859.485057   12   14    0
1175   65.0 115898.954578   11   32    1
1176   65.0 115898.954891   11   32    0
1177   87.0 115912.693406   10   43    1
1178   87.0 115912.693880   10   43    0
1179   31.0 115916.115067   12   15    1
1180   31.0 115916.115197   12   15    0
1181   33.0 115976.543559   12   16    1
1182   33.0 115976.543699   12   16    0
1183   67.0 116024.547463   11   33    1
1184   67.0 116024.547789   11   33    0
1185   35.0 116040.597761   12   17    1
1186   35.0 116040.597910   12   17    0
1187   89.0 116081.498962   10   44    1
1188   89.0 116081.499453   10   44    0
1189   37.0 116108.637365   12   18    1
1190   37.0 116108.637523   12   18    0
1191   69.0 116153.831345   11   34    1
1192   69.0 116153.831684   11   34    0
1193   39.0 116180.058086   12   19    1
1194   39.0 116180.058253   12   19    0
1195   91.0 116253.942780   10   45    1
1196   91.0 116253.943287   10   45    0
1197   41.0 116255.723188   12   20    1
1198   41.0 116255.723366   12   20    0
1199   71.0 116286.795939   11   35    1
1200   71.0 116286.796292   11   35    0
1201   43.0 116334.337773   12   21    1
1202   43.0 116334.337961   12   21    0
1203   45.0 116417.067249   12   22    1
1204   45.0 116417.067448   12   22    0
1205   73.0 116423.430657   11   36    1
1206   73.0 116423.431024   11   36    0
1207   93.0 116430.011494   10   46    1
1208   93.0 116430.012020   10   46    0
1209   47.0 116503.465597   12   23    1
1210   47.0 116503.465805   12   23    0
1211   75.0 116563.724610   11   37    1
1212   75.0 116563.724991   11   37    0
1213   49.0 116593.662305   12   24    1
1214   49.0 116594.151709   12   24    0
1215   95.0 116609.691444   10   47    1
1216   95.0 116609.691987   10   47    0
1217   51.0 116687.182577   12   25    1
1218   51.0 116688.607197   12   25    0
1219   77.0 116707.666605   11   38    1
1220   77.0 116707.667000   11   38    0
1221   53.0 116783.853759   12   26    1
1222   53.0 116785.609309   12   26    0
1223   97.0 116792.968672   10   48    1
1224   97.0 116792.969234   10   48    0
1225   79.0 116855.245148   11   39    1
1226   79.0 116855.245558   11   39    0
1227   55.0 116887.589578   12   27    0
1228   55.0 116888.740347   12   27    1
1229   99.0 116979.828925   10   49    1
1230   99.0 116979.829505   10   49    0
1231   57.0 116991.497532   12   28    1
1232   57.0 116991.497798   12   28    0
1233    3.0 117005.313402   13    1    1
1234    3.0 117005.313410   13    1    0
1235   81.0 117006.448440   11   40    1
1236   81.0 117006.448866   11   40    0
1237    5.0 117012.823801   13    2    1
1238    5.0 117012.823818   13    2    0
1239    7.0 117023.816032   13    3    1
1240    7.0 117023.816057   13    3    0
1241    9.0 117038.649789   13    4    1
1242    9.0 117038.649822   13    4    0
1243   11.0 117057.166806   13    5    1
1244   11.0 117057.166849   13    5    0
1245   13.0 117079.439024   13    6    1
1246   13.0 117079.439074   13    6    0
1247   59.0 117099.491854   12   29    1
1248   59.0 117099.492131   12   29    0
1249   15.0 117105.336949   13    7    1
1250   15.0 117105.337009   13    7    0
1251   17.0 117135.033238   13    8    1
1252   17.0 117135.033306   13    8    0
1253   83.0 117161.264382   11   41    1
1254   83.0 117161.264824   11   41    0
1255   19.0 117168.312074   13    9    1
1256   19.0 117168.312149   13    9    0
1257  101.0 117170.257648   10   50    1
1258  101.0 117170.258249   10   50    0
1259   21.0 117205.418047   13   10    1
1260   21.0 117205.418132   13   10    0
1261   61.0 117212.680149   12   30    1
1262   61.0 117212.680438   12   30    0
1263   23.0 117246.164117   13   11    1
1264   23.0 117246.164211   13   11    0
1265   25.0 117290.694161   13   12    1
1266   25.0 117290.694264   13   12    0
1267   85.0 117319.680572   11   42    1
1268   85.0 117319.681029   11   42    0
1269   63.0 117328.461207   12   31    1
1270   63.0 117328.461507   12   31    0
1271   27.0 117338.792364   13   13    1
1272   27.0 117338.792475   13   13    0
1273   29.0 117390.789642   13   14    1
1274   29.0 117390.789763   13   14    0
1275   31.0 117446.168037   13   15    1
1276   31.0 117446.168167   13   15    0
1277   65.0 117447.982177   12   32    1
1278   65.0 117447.982491   12   32    0
1279   87.0 117481.684305   11   43    1
1280   87.0 117481.684779   11   43    0
1281   33.0 117505.344794   13   16    1
1282   33.0 117505.344934   13   16    0
1283   35.0 117568.204811   13   17    1
1284   35.0 117568.204959   13   17    0
1285   67.0 117571.127937   12   33    1
1286   67.0 117571.128263   12   33    0
1287   37.0 117634.704923   13   18    1
1288   37.0 117634.705082   13   18    0
1289   89.0 117647.262573   11   44    1
1290   89.0 117647.263063   11   44    0
1291   69.0 117697.888310   12   34    1
1292   69.0 117697.888649   12   34    0
1293   39.0 117704.945847   13   19    1
1294   39.0 117704.946014   13   19    0
1295   41.0 117778.740539   13   20    1
1296   41.0 117778.740717   13   20    0
1297   91.0 117816.402067   11   45    1
1298   91.0 117816.402573   11   45    0
1299   71.0 117828.252810   12   35    1
1300   71.0 117828.253164   12   35    0
1301   43.0 117856.189714   13   21    1
1302   43.0 117856.189903   13   21    0
1303   45.0 117937.883271   13   22    1
1304   45.0 117937.883470   13   22    0
1305   73.0 117962.210647   12   36    1
1306   73.0 117962.211014   12   36    0
1307   93.0 117989.089172   11   46    1
1308   93.0 117989.089698   11   46    0
1309   47.0 118022.296107   13   23    1
1310   47.0 118022.296315   13   23    0
1311   75.0 118099.750717   12   37    1
1312   75.0 118099.751099   12   37    0
1313   49.0 118110.492915   13   24    1
1314   49.0 118110.493135   13   24    0
1315   95.0 118165.309976   11   47    1
1316   95.0 118165.310519   11   47    0
1317   51.0 118202.200328   13   25    1
1318   51.0 118202.200559   13   25    0
1319   77.0 118240.861612   12   38    1
1320   77.0 118240.862008   12   38    0
1321   53.0 118298.929061   13   26    1
1322   53.0 118298.929303   13   26    0
1323   97.0 118345.050261   11   48    1
1324   97.0 118345.050823   11   48    0
1325   79.0 118385.531615   12   39    1
1326   79.0 118385.532025   12   39    0
1327   55.0 118397.643296   13   27    1
1328   55.0 118397.643548   13   27    0
1329    3.0 118493.282147   14    1    1
1330    3.0 118493.282155   14    1    0
1331   57.0 118500.299767   13   28    1
1332   57.0 118500.300032   13   28    0
1333    5.0 118500.303361   14    2    1
1334    5.0 118500.303378   14    2    0
1335    7.0 118511.194877   14    3    1
1336    7.0 118511.194902   14    3    0
1337    9.0 118525.913533   14    4    1
1338    9.0 118525.913566   14    4    0
1339   99.0 118528.295506   11   49    1
1340   99.0 118528.296087   11   49    0
1341   81.0 118533.748697   12   40    1
1342   81.0 118533.749122   12   40    0
1343   11.0 118544.114019   14    5    1
1344   11.0 118544.114061   14    5    0
1345   13.0 118565.940216   14    6    1
1346   13.0 118565.940266   14    6    0
1347   15.0 118591.507222   14    7    1
1348   15.0 118591.507282   14    7    0
1349   59.0 118606.711434   13   29    1
1350   59.0 118606.711711   13   29    0
1351   17.0 118620.570450   14    8    1
1352   17.0 118620.570517   14    8    0
1353   19.0 118653.201835   14    9    1
1354   19.0 118653.201911   14    9    0
1355   83.0 118685.500524   12   41    1
1356   83.0 118685.500965   12   41    0
1357   21.0 118689.473318   14   10    1
1358   21.0 118689.473402   14   10    0
1359  101.0 118715.030890   11   50    1
1360  101.0 118715.031490   11   50    0
1361   61.0 118716.705645   13   30    1
1362   61.0 118716.705933   13   30    0
1363   23.0 118729.514387   14   11    1
1364   23.0 118729.514481   14   11    0
1365   25.0 118772.893410   14   12    1
1366   25.0 118772.893512   14   12    0
1367   27.0 118820.113958   14   13    1
1368   27.0 118820.114070   14   13    0
1369   63.0 118830.442697   13   31    1
1370   63.0 118830.442998   13   31    0
1371   85.0 118840.774454   12   42    1
1372   85.0 118840.774911   12   42    0
1373   29.0 118870.902664   14   14    1
1374   29.0 118870.902785   14   14    0
1375   31.0 118925.288303   14   15    1
1376   31.0 118925.288433   14   15    0
1377   65.0 118947.552917   13   32    1
1378   65.0 118947.553230   13   32    0
1379   33.0 118983.270875   14   16    1
1380   33.0 118983.271015   14   16    0
1381   87.0 118999.557535   12   43    1
1382   87.0 118999.558009   12   43    0
1383   35.0 119044.850380   14   17    1
1384   35.0 119044.850529   14   17    0
1385   67.0 119068.209874   13   33    1
1386   67.0 119068.210200   13   33    0
1387   37.0 119110.141920   14   18    1
1388   37.0 119110.142079   14   18    0
1389   89.0 119161.836507   12   44    1
1390   89.0 119161.836998   12   44    0
1391   39.0 119178.929679   14   19    1
1392   39.0 119178.929847   14   19    0
1393   69.0 119192.403141   13   34    1
1394   69.0 119192.403480   13   34    0
1395   41.0 119250.839573   14   20    1
1396   41.0 119250.839752   14   20    0
1397   71.0 119320.121975   13   35    1
1398   71.0 119320.122329   13   35    0
1399   43.0 119326.835584   14   21    1
1400   43.0 119326.835772   14   21    0
1401   91.0 119327.597803   12   45    1
1402   91.0 119327.598310   12   45    0
1403   45.0 119405.853016   14   22    1
1404   45.0 119405.853215   14   22    0
1405   73.0 119451.355319   13   36    1
1406   73.0 119451.355686   13   36    0
1407   47.0 119489.604014   14   23    1
1408   47.0 119489.604223   14   23    0
1409   93.0 119496.827544   12   46    1
1410   93.0 119496.828070   12   46    0
1411   49.0 119575.959188   14   24    1
1412   49.0 119575.959407   14   24    0
1413   75.0 119586.091796   13   37    1
1414   75.0 119586.092178   13   37    0
1415   51.0 119665.983231   14   25    1
1416   51.0 119665.983462   14   25    0
1417   95.0 119669.511547   12   47    1
1418   95.0 119669.512090   12   47    0
1419   77.0 119724.319717   13   38    1
1420   77.0 119724.320112   13   38    0
1421   53.0 119759.546655   14   26    1
1422   53.0 119759.546897   14   26    0
1423   97.0 119845.635318   12   48    1
1424   97.0 119845.635881   12   48    0
1425   55.0 119856.721399   14   27    1
1426   55.0 119856.721651   14   27    0
1427   79.0 119866.027075   13   39    1
1428   79.0 119866.027485   13   39    0
1429    3.0 119930.231860   15    1    1
1430    3.0 119930.231868   15    1    0
1431    5.0 119937.109196   15    2    1
1432    5.0 119937.137989   15    2    0
1433    7.0 119947.511529   15    3    1
1434    7.0 119947.511554   15    3    0
1435   57.0 119958.097358   14   28    1
1436   57.0 119958.097624   14   28    0
1437    9.0 119961.899265   15    4    1
1438    9.0 119961.899298   15    4    0
1439   11.0 119979.193365   15    5    0
1440   11.0 119979.610568   15    5    1
1441   13.0 119999.638343   15    6    0
1442   13.0 120000.587886   15    6    1
1443   81.0 120011.201547   13   40    1
1444   81.0 120011.201972   13   40    0
1445   99.0 120025.184056   12   49    1
1446   99.0 120025.184637   12   49    0
1447   15.0 120025.406728   15    7    1
1448   15.0 120026.658524   15    7    0
1449   17.0 120052.844138   15    8    1
1450   17.0 120054.714615   15    8    0
1451   59.0 120062.322085   14   29    1
1452   59.0 120062.322361   14   29    0
1453   19.0 120086.511519   15    9    0
1454   19.0 120088.252363   15    9    1
1455   21.0 120121.890968   15   10    0
1456   21.0 120122.984354   15   10    1
1457   83.0 120159.830493   13   41    1
1458   83.0 120159.830935   13   41    0
1459   23.0 120160.306229   15   11    0
1460   23.0 120161.658585   15   11    1
1461   61.0 120170.417109   14   30    1
1462   61.0 120170.417398   14   30    0
1463   25.0 120204.001689   15   12    1
1464   25.0 120204.692404   15   12    0
1465  101.0 120208.142650   12   50    1
1466  101.0 120208.143251   12   50    0
1467   27.0 120249.855399   15   13    1
1468   27.0 120250.287143   15   13    0
1469   63.0 120280.579064   14   31    1
1470   63.0 120280.579364   14   31    0
1471   29.0 120299.478695   15   14    1
1472   29.0 120299.867286   15   14    0
1473   85.0 120311.900962   13   42    1
1474   85.0 120311.901419   13   42    0
1475   31.0 120353.001069   15   15    1
1476   31.0 120353.001198   15   15    0
1477   65.0 120395.211047   14   32    1
1478   65.0 120395.211360   14   32    0
1479   33.0 120409.645577   15   16    1
1480   33.0 120409.645717   15   16    0
1481   87.0 120467.399680   13   43    1
1482   87.0 120467.400154   13   43    0
1483   35.0 120470.088449   15   17    1
1484   35.0 120470.088598   15   17    0
1485   67.0 120513.308866   14   33    1
1486   67.0 120513.309193   14   33    0
1487   37.0 120533.739783   15   18    1
1488   37.0 120533.739942   15   18    0
1489   39.0 120600.959275   15   19    1
1490   39.0 120600.959443   15   19    0
1491   89.0 120626.313062   13   44    1
1492   89.0 120626.313553   13   44    0
1493   69.0 120634.861776   14   34    1
1494   69.0 120634.862115   14   34    0
1495   41.0 120671.646209   15   20    1
1496   41.0 120671.646388   15   20    0
1497   43.0 120745.757422   15   21    1
1498   43.0 120745.757610   15   21    0
1499   71.0 120759.858703   14   35    1
1500   71.0 120759.859056   14   35    0
1501   91.0 120788.627207   13   45    1
1502   91.0 120788.627714   13   45    0
1503   45.0 120823.508730   15   22    1
1504   45.0 120823.508929   15   22    0
1505   73.0 120888.288252   14   36    1
1506   73.0 120888.288619   14   36    0
1507   47.0 120904.669930   15   23    1
1508   47.0 120904.670138   15   23    0
1509   93.0 120954.327893   13   46    1
1510   93.0 120954.328419   13   46    0
1511   49.0 120989.341735   15   24    1
1512   49.0 120989.341954   15   24    0
1513   75.0 121020.138699   14   37    1
1514   75.0 121020.139081   14   37    0
1515   51.0 121077.509756   15   25    1
1516   51.0 121077.509987   15   25    0
1517   95.0 121123.400589   13   47    1
1518   95.0 121123.401132   13   47    0
1519   77.0 121155.397996   14   38    1
1520   77.0 121155.398392   14   38    0
1521   53.0 121168.986953   15   26    1
1522   53.0 121168.987195   15   26    0
1523   55.0 121263.989143   15   27    1
1524   55.0 121263.989396   15   27    0
1525   79.0 121294.053770   14   39    1
1526   79.0 121294.054180   14   39    0
1527   97.0 121295.830443   13   48    1
1528   97.0 121295.831005   13   48    0
1529    3.0 121313.961213   16    1    1
1530    3.0 121313.961221   16    1    0
1531    5.0 121320.968040   16    2    1
1532    5.0 121320.968057   16    2    0
1533    7.0 121331.183331   16    3    1
1534    7.0 121331.183356   16    3    0
1535    9.0 121345.196986   16    4    1
1536    9.0 121345.197019   16    4    0
1537   57.0 121362.415610   15   28    1
1538   57.0 121362.415875   15   28    0
1539   11.0 121362.606145   16    5    1
1540   11.0 121362.606187   16    5    0
1541   13.0 121383.367646   16    6    1
1542   13.0 121383.367696   16    6    0
1543   15.0 121407.654142   16    7    1
1544   15.0 121407.654201   16    7    0
1545   17.0 121435.393694   16    8    1
1546   17.0 121435.393761   16    8    0
1547   81.0 121436.093319   14   40    1
1548   81.0 121436.093745   14   40    0
1549   59.0 121464.266354   15   29    1
1550   59.0 121464.266631   15   29    0
1551   19.0 121466.586303   16    9    1
1552   19.0 121466.586379   16    9    0
1553   99.0 121471.602289   13   49    1
1554   99.0 121471.602870   13   49    0
1555   21.0 121501.419009   16   10    1
1556   21.0 121501.419093   16   10    0
1557   23.0 121539.747933   16   11    1
1558   23.0 121539.748027   16   11    0
1559   61.0 121569.526989   15   30    1
1560   61.0 121569.527277   15   30    0
1561   25.0 121581.285321   16   12    1
1562   25.0 121581.285424   16   12    0
1563   83.0 121581.503619   14   41    1
1564   83.0 121581.504060   14   41    0
1565   27.0 121626.318929   16   13    1
1566   27.0 121626.319040   16   13    0
1567  101.0 121650.700644   13   50    1
1568  101.0 121650.701245   13   50    0
1569   29.0 121674.819979   16   14    1
1570   29.0 121674.820100   16   14    0
1571   63.0 121677.939012   15   31    1
1572   63.0 121677.939312   15   31    0
1573   31.0 121726.846024   16   15    1
1574   31.0 121726.846154   16   15    0
1575   85.0 121730.271319   14   42    1
1576   85.0 121730.271776   14   42    0
1577   33.0 121782.224410   16   16    1
1578   33.0 121782.224549   16   16    0
1579   65.0 121789.993878   15   32    1
1580   65.0 121789.994191   15   32    0
1581   35.0 121841.041463   16   17    1
1582   35.0 121841.041612   16   17    0
1583   87.0 121882.382743   14   43    1
1584   87.0 121882.383216   14   43    0
1585   37.0 121903.297184   16   18    1
1586   37.0 121903.297342   16   18    0
1587   67.0 121905.429601   15   33    1
1588   67.0 121905.429927   15   33    0
1589   39.0 121969.106674   16   19    1
1590   39.0 121969.106842   16   19    0
1591   69.0 122024.235025   15   34    1
1592   69.0 122024.235365   15   34    0
1593   89.0 122037.823887   14   44    1
1594   89.0 122037.824377   14   44    0
1595   41.0 122038.139015   16   20    1
1596   41.0 122038.139193   16   20    0
1597   43.0 122110.638797   16   21    1
1598   43.0 122110.638986   16   21    0
1599   71.0 122146.398656   15   35    1
1600   71.0 122146.399009   15   35    0
1601   45.0 122186.318266   16   22    1
1602   45.0 122186.318465   16   22    0
1603   91.0 122196.580425   14   45    1
1604   91.0 122196.580932   14   45    0
1605   47.0 122265.580281   16   23    1
1606   47.0 122265.580489   16   23    0
1607   73.0 122271.908661   15   36    1
1608   73.0 122271.909027   15   36    0
1609   49.0 122348.007593   16   24    1
1610   49.0 122348.007813   16   24    0
1611   93.0 122358.637702   14   46    1
1612   93.0 122358.638228   14   46    0
1613   75.0 122400.752869   15   37    1
1614   75.0 122400.753250   15   37    0
1615   51.0 122434.607348   16   25    1
1616   51.0 122434.607579   16   25    0
1617   95.0 122523.980740   14   47    1
1618   95.0 122523.981283   14   47    0
1619   53.0 122524.027094   16   26    1
1620   53.0 122524.027336   16   26    0
1621   77.0 122532.918773   15   38    1
1622   77.0 122532.919169   15   38    0
1623   55.0 122616.799180   16   27    1
1624   55.0 122616.799432   16   27    0
1625    3.0 122641.290510   17    1    1
1626    3.0 122641.290518   17    1    0
1627    5.0 122647.851316   17    2    1
1628    5.0 122647.851333   17    2    0
1629    7.0 122658.469465   17    3    1
1630    7.0 122658.469490   17    3    0
1631   79.0 122668.393527   15   39    1
1632   79.0 122668.393937   15   39    0
1633    9.0 122671.806894   17    4    1
1634    9.0 122671.806927   17    4    0
1635   11.0 122688.770032   17    5    1
1636   11.0 122688.770074   17    5    0
1637   97.0 122692.594233   14   48    1
1638   97.0 122692.594795   14   48    0
1639   13.0 122708.956023   17    6    1
1640   13.0 122708.956073   17    6    0
1641   57.0 122713.567888   16   28    1
1642   57.0 122713.568153   16   28    0
1643   15.0 122732.868436   17    7    1
1644   15.0 122732.868496   17    7    0
1645   17.0 122759.816661   17    8    1
1646   17.0 122759.816729   17    8    0
1647   19.0 122790.361820   17    9    1
1648   19.0 122790.361896   17    9    0
1649   81.0 122807.163944   15   40    1
1650   81.0 122807.164370   15   40    0
1651   59.0 122813.034723   16   29    1
1652   59.0 122813.035000   16   29    0
1653   21.0 122824.777281   17   10    1
1654   21.0 122824.777365   17   10    0
1655   23.0 122861.566714   17   11    1
1656   23.0 122861.566808   17   11    0
1657   99.0 122864.462553   14   49    1
1658   99.0 122864.463133   14   49    0
1659   25.0 122900.600630   17   12    1
1660   25.0 122902.111449   17   12    0
1661   61.0 122915.829581   16   30    1
1662   61.0 122915.829869   16   30    0
1663   27.0 122946.065982   17   13    0
1664   27.0 122946.598218   17   13    1
1665   83.0 122949.216504   15   41    1
1666   83.0 122949.216946   15   41    0
1667   29.0 122993.257755   17   14    0
1668   29.0 122993.602940   17   14    1
1669   63.0 123021.942102   16   31    1
1670   63.0 123021.942403   16   31    0
1671  101.0 123039.569740   14   50    1
1672  101.0 123039.570341   14   50    0
1673   31.0 123044.334087   17   15    1
1674   31.0 123044.334216   17   15    0
1675   85.0 123094.537345   15   42    1
1676   85.0 123094.537802   15   42    0
1677   33.0 123098.187368   17   16    1
1678   33.0 123098.187508   17   16    0
1679   65.0 123131.361582   16   32    1
1680   65.0 123131.361896   16   32    0
1681   35.0 123155.637584   17   17    1
1682   35.0 123155.637732   17   17    0
1683   37.0 123216.109221   17   18    1
1684   37.0 123216.109379   17   18    0
1685   87.0 123243.112269   15   43    1
1686   87.0 123243.112743   15   43    0
1687   67.0 123244.076971   16   33    1
1688   67.0 123244.077297   16   33    0
1689   39.0 123279.832485   17   19    1
1690   39.0 123279.832652   17   19    0
1691   41.0 123347.541150   17   20    1
1692   41.0 123347.541329   17   20    0
1693   69.0 123360.076873   16   34    1
1694   69.0 123360.077213   16   34    0
1695   89.0 123394.926739   15   44    1
1696   89.0 123394.927230   15   44    0
1697   43.0 123418.213686   17   21    1
1698   43.0 123418.213875   17   21    0
1699   71.0 123479.349548   16   35    1
1700   71.0 123479.349901   16   35    0
1701   45.0 123492.195399   17   22    1
1702   45.0 123492.195598   17   22    0
1703   91.0 123549.965880   15   45    1
1704   91.0 123549.966387   15   45    0
1705   47.0 123569.587003   17   23    1
1706   47.0 123569.587211   17   23    0
1707   73.0 123601.882909   16   36    1
1708   73.0 123601.883275   16   36    0
1709   49.0 123649.798599   17   24    1
1710   49.0 123649.798819   17   24    0
1711   93.0 123708.214479   15   46    1
1712   93.0 123708.215005   15   46    0
1713   75.0 123727.664524   16   37    1
1714   75.0 123727.664905   16   37    0
1715   51.0 123733.822943   17   25    1
1716   51.0 123733.823173   17   25    0
1717   53.0 123820.696053   17   26    1
1718   53.0 123820.696295   17   26    0
1719   77.0 123856.681618   16   38    1
1720   77.0 123856.682013   16   38    0
1721   95.0 123869.656985   15   47    1
1722   95.0 123869.657528   15   47    0
1723    3.0 123908.896175   18    1    1
1724    3.0 123908.896183   18    1    0
1725   55.0 123911.928648   17   27    1
1726   55.0 123911.928900   17   27    0
1727    5.0 123915.485756   18    2    1
1728    5.0 123915.485774   18    2    0
1729    7.0 123925.168700   18    3    1
1730    7.0 123925.168725   18    3    0
1731    9.0 123940.621132   18    4    1
1732    9.0 123940.621165   18    4    0
1733   11.0 123956.102330   18    5    1
1734   11.0 123956.102372   18    5    0
1735   13.0 123975.640871   18    6    1
1736   13.0 123975.640921   18    6    0
1737   79.0 123988.921069   16   39    1
1738   79.0 123988.921479   16   39    0
1739   15.0 123998.618079   18    7    1
1740   15.0 123998.618139   18    7    0
1741   57.0 124005.612425   17   28    1
1742   57.0 124005.612690   17   28    0
1743   17.0 124024.875691   18    8    1
1744   17.0 124024.875759   18    8    0
1745   97.0 124034.277509   15   48    1
1746   97.0 124034.278071   15   48    0
1747   19.0 124054.759013   18    9    1
1748   19.0 124054.759089   18    9    0
1749   21.0 124087.620594   18   10    1
1750   21.0 124087.620679   18   10    0
1751   59.0 124102.574269   17   29    1
1752   59.0 124102.574546   17   29    0
1753   23.0 124123.834516   18   11    1
1754   23.0 124123.834610   18   11    0
1755   81.0 124124.369408   16   40    1
1756   81.0 124124.369834   16   40    0
1757   25.0 124163.443944   18   12    1
1758   25.0 124163.444046   18   12    0
1759   99.0 124202.059825   15   49    1
1760   99.0 124202.060406   15   49    0
1761   61.0 124202.776739   17   30    1
1762   61.0 124202.777027   17   30    0
1763   27.0 124205.959691   18   13    1
1764   27.0 124205.959803   18   13    0
1765   29.0 124251.971657   18   14    1
1766   29.0 124251.971779   18   14    0
1767   83.0 124263.012823   16   41    1
1768   83.0 124263.013265   16   41    0
1769   31.0 124301.235251   18   15    1
1770   31.0 124301.235381   18   15    0
1771   63.0 124306.209371   17   31    1
1772   63.0 124306.209672   17   31    0
1773   33.0 124353.721695   18   16    1
1774   33.0 124353.721835   18   16    0
1775  101.0 124372.987366   15   50    1
1776  101.0 124372.987966   15   50    0
1777   85.0 124404.837158   16   42    1
1778   85.0 124404.837615   16   42    0
1779   35.0 124409.387826   18   17    1
1780   35.0 124409.387975   18   17    0
1781   65.0 124412.861353   17   32    1
1782   65.0 124412.861667   17   32    0
1783   37.0 124468.463850   18   18    1
1784   37.0 124468.464008   18   18    0
1785   67.0 124522.721525   17   33    1
1786   67.0 124522.721851   17   33    0
1787   39.0 124531.064868   18   19    1
1788   39.0 124531.065036   18   19    0
1789   87.0 124549.827907   16   43    1
1790   87.0 124549.828381   16   43    0
1791   41.0 124596.241286   18   20    1
1792   41.0 124596.241465   18   20    0
1793   69.0 124635.778378   17   34    1
1794   69.0 124635.778717   17   34    0
1795   43.0 124664.856371   18   21    1
1796   43.0 124664.856559   18   21    0
1797   89.0 124697.970223   16   44    1
1798   89.0 124697.970714   16   44    0
1799   45.0 124736.679918   18   22    1
1800   45.0 124736.680117   18   22    0
1801   71.0 124752.020053   17   35    1
1802   71.0 124752.020406   17   35    0
1803   47.0 124812.287439   18   23    1
1804   47.0 124812.287647   18   23    0
1805   91.0 124849.248912   16   45    1
1806   91.0 124849.249419   16   45    0
1807   73.0 124871.434343   17   36    1
1808   73.0 124871.434710   17   36    0
1809   49.0 124890.312094   18   24    1
1810   49.0 124890.312313   18   24    0
1811   51.0 124971.343781   18   25    1
1812   51.0 124971.344012   18   25    0
1813   75.0 124994.008693   17   37    1
1814   75.0 124994.009074   17   37    0
1815   93.0 125003.648433   16   46    1
1816   93.0 125003.648960   16   46    0
1817   53.0 125056.188217   18   26    1
1818   53.0 125056.188459   18   26    0
1819    3.0 125112.895742   19    1    1
1820    3.0 125112.895750   19    1    0
1821    5.0 125119.287932   19    2    1
1822    5.0 125119.287950   19    2    0
1823   77.0 125119.730198   17   38    1
1824   77.0 125119.730593   17   38    0
1825    7.0 125128.875156   19    3    1
1826    7.0 125128.875182   19    3    0
1827    9.0 125141.656141   19    4    1
1828    9.0 125141.656174   19    4    0
1829   55.0 125143.751930   18   27    1
1830   55.0 125143.752183   18   27    0
1831   11.0 125157.629184   19    5    1
1832   11.0 125157.629227   19    5    0
1833   95.0 125161.152905   16   47    1
1834   95.0 125161.153448   16   47    0
1835   13.0 125176.792166   19    6    1
1836   13.0 125176.792216   19    6    0
1837   15.0 125199.142534   19    7    1
1838   15.0 125199.142594   19    7    0
1839   17.0 125224.677318   19    8    1
1840   17.0 125224.677386   19    8    0
1841   57.0 125234.400210   18   28    1
1842   57.0 125234.400475   18   28    0
1843   79.0 125248.585606   17   39    1
1844   79.0 125248.586016   17   39    0
1845   19.0 125253.393120   19    9    1
1846   19.0 125253.393196   19    9    0
1847   21.0 125285.286117   19   10    1
1848   21.0 125285.286201   19   10    0
1849   23.0 125320.352060   19   11    1
1850   23.0 125320.352154   19   11    0
1851   97.0 125321.746095   16   48    1
1852   97.0 125321.746657   16   48    0
1853   59.0 125328.461949   18   29    1
1854   59.0 125328.462226   18   29    0
1855   25.0 125358.586279   19   12    1
1856   25.0 125358.586382   19   12    0
1857   81.0 125380.561313   17   40    1
1858   81.0 125380.561739   17   40    0
1859   27.0 125399.983677   19   13    1
1860   27.0 125399.983788   19   13    0
1861   61.0 125425.649030   18   30    1
1862   61.0 125425.649318   18   30    0
1863   29.0 125444.538730   19   14    1
1864   29.0 125444.538851   19   14    0
1865   99.0 125485.411429   16   49    1
1866   99.0 125485.412010   16   49    0
1867   31.0 125492.245495   19   15    1
1868   31.0 125492.245625   19   15    0
1869   83.0 125515.643369   17   41    1
1870   83.0 125515.643811   17   41    0
1871   63.0 125525.949436   18   31    1
1872   63.0 125525.949736   18   31    0
1873   33.0 125543.097599   19   16    1
1874   33.0 125543.097739   19   16    0
1875   35.0 125597.088247   19   17    1
1876   35.0 125597.088395   19   17    0
1877   65.0 125629.350749   18   32    1
1878   65.0 125629.351062   18   32    0
1879  101.0 125652.131986   16   50    1
1880  101.0 125652.132587   16   50    0
1881   85.0 125653.817476   17   42    1
1882   85.0 125653.817933   17   42    0
1883   37.0 125654.210218   19   18    1
1884   37.0 125654.210376   19   18    0
1885   39.0 125714.455868   19   19    1
1886   39.0 125714.456035   19   19    0
1887   67.0 125735.840152   18   33    1
1888   67.0 125735.840478   18   33    0
1889   41.0 125777.817125   19   20    1
1890   41.0 125777.817303   19   20    0
1891   87.0 125795.068984   17   43    1
1892   87.0 125795.069457   17   43    0
1893   43.0 125844.285495   19   21    1
1894   43.0 125844.285683   19   21    0
1895   69.0 125845.404425   18   34    1
1896   69.0 125845.404764   18   34    0
1897   45.0 125913.852059   19   22    1
1898   45.0 125913.852258   19   22    0
1899   89.0 125939.382896   17   44    1
1900   89.0 125939.383387   17   44    0
1901   71.0 125958.029950   18   35    1
1902   71.0 125958.030303   18   35    0
1903   47.0 125986.507474   19   23    1
1904   47.0 125986.507682   19   23    0
1905   49.0 126062.241969   19   24    1
1906   49.0 126062.242188   19   24    0
1907   73.0 126073.702707   18   36    1
1908   73.0 126073.703073   18   36    0
1909   91.0 126086.743867   17   45    1
1910   91.0 126086.744374   17   45    0
1911   51.0 126141.045350   19   25    1
1912   51.0 126141.045581   19   25    0
1913   75.0 126192.408274   18   37    1
1914   75.0 126192.408655   18   37    0
1915   53.0 126222.907001   19   26    1
1916   53.0 126222.907243   19   26    0
1917   93.0 126237.136202   17   46    1
1918   93.0 126237.136728   17   46    0
1919    3.0 126242.434139   20    1    1
1920    3.0 126242.434147   20    1    0
1921    5.0 126248.678413   20    2    1
1922    5.0 126248.678431   20    2    0
1923    7.0 126257.915336   20    3    1
1924    7.0 126257.915362   20    3    0
1925    9.0 126270.389500   20    4    1
1926    9.0 126270.389533   20    4    0
1927   11.0 126285.597330   20    5    1
1928   11.0 126285.597372   20    5    0
1929   13.0 126304.114339   20    6    1
1930   13.0 126304.114389   20    6    0
1931   55.0 126307.815878   19   27    1
1932   55.0 126307.816130   19   27    0
1933   77.0 126314.131832   18   38    1
1934   77.0 126314.132228   18   38    0
1935   15.0 126325.638383   20    7    1
1936   15.0 126325.638443   20    7    0
1937   17.0 126350.255789   20    8    1
1938   17.0 126350.255857   20    8    0
1939   19.0 126377.909007   20    9    1
1940   19.0 126377.909083   20    9    0
1941   95.0 126390.543857   17   47    1
1942   95.0 126390.544400   17   47    0
1943   57.0 126395.760512   19   28    1
1944   57.0 126395.760777   19   28    0
1945   21.0 126408.684361   20   10    1
1946   21.0 126408.684446   20   10    0
1947   79.0 126438.858160   18   39    1
1948   79.0 126438.858570   18   39    0
1949   23.0 126442.481139   20   11    1
1950   23.0 126442.481232   20   11    0
1951   25.0 126479.299339   20   12    1
1952   25.0 126479.299441   20   12    0
1953   59.0 126486.729011   19   29    1
1954   59.0 126486.729287   19   29    0
1955   27.0 126519.210900   20   13    1
1956   27.0 126519.211011   20   13    0
1957   97.0 126546.950441   17   48    1
1958   97.0 126546.951003   17   48    0
1959   29.0 126562.129495   20   14    1
1960   29.0 126562.129617   20   14    0
1961   81.0 126566.571635   18   40    1
1962   81.0 126566.572060   18   40    0
1963   61.0 126580.709058   19   30    1
1964   61.0 126580.709346   19   30    0
1965   31.0 126608.069514   20   15    1
1966   31.0 126608.069644   20   15    0
1967   33.0 126657.016567   20   16    1
1968   33.0 126657.016706   20   16    0
1969   63.0 126677.687911   19   31    1
1970   63.0 126677.688211   19   31    0
1971   83.0 126697.256233   18   41    1
1972   83.0 126697.256675   18   41    0
1973   99.0 126706.339213   17   49    1
1974   99.0 126706.339794   17   49    0
1975   35.0 126709.085756   20   17    1
1976   35.0 126709.085905   20   17    0
1977   37.0 126763.917388   20   18    1
1978   37.0 126763.917546   20   18    0
1979   65.0 126777.652402   19   32    1
1980   65.0 126777.652716   19   32    0
1981   39.0 126821.971871   20   19    1
1982   39.0 126821.972038   20   19    0
1983   85.0 126830.895533   18   42    1
1984   85.0 126830.895990   18   42    0
1985  101.0 126868.693082   17   50    1
1986  101.0 126868.693683   17   50    0
1987   67.0 126880.588941   19   33    1
1988   67.0 126880.589268   19   33    0
1989   41.0 126882.846345   20   20    1
1990   41.0 126882.846524   20   20    0
1991   43.0 126946.770506   20   21    1
1992   43.0 126946.770694   20   21    0
1993   87.0 126967.472711   18   43    1
1994   87.0 126967.473185   18   43    0
1995   69.0 126986.483512   19   34    1
1996   69.0 126986.483851   19   34    0
1997   45.0 127013.644688   20   22    1
1998   45.0 127013.644887   20   22    0
1999   47.0 127083.466637   20   23    1
2000   47.0 127083.466845   20   23    0
2001   71.0 127095.321672   19   35    1
2002   71.0 127095.322025   19   35    0
2003   89.0 127106.970542   18   44    1
2004   89.0 127106.971032   18   44    0
2005   49.0 127156.224087   20   24    1
2006   49.0 127156.224307   20   24    0
2007   73.0 127207.088557   19   36    1
2008   73.0 127207.088923   19   36    0
2009   51.0 127231.904244   20   25    1
2010   51.0 127231.904475   20   25    0
2011   91.0 127249.371402   18   45    1
2012   91.0 127249.371909   18   45    0
2013    3.0 127287.518559   21    1    1
2014    3.0 127287.518567   21    1    0
2015    5.0 127293.144160   21    2    1
2016    5.0 127293.144177   21    2    0
2017    7.0 127301.963837   21    3    1
2018    7.0 127301.963863   21    3    0
2019   53.0 127310.493778   20   26    1
2020   53.0 127310.494020   20   26    0
2021    9.0 127313.704225   21    4    1
2022    9.0 127313.704257   21    4    0
2023   75.0 127321.768875   19   37    1
2024   75.0 127321.769256   19   37    0
2025   11.0 127328.394095   21    5    1
2026   11.0 127328.394137   21    5    0
2027   13.0 127346.033451   21    6    1
2028   13.0 127346.033501   21    6    0
2029   15.0 127366.579126   21    7    1
2030   15.0 127366.579186   21    7    0
2031   17.0 127390.189388   21    8    1
2032   17.0 127390.189456   21    8    0
2033   55.0 127391.978829   20   27    1
2034   55.0 127391.979081   20   27    0
2035   93.0 127394.657263   18   46    1
2036   93.0 127394.657789   18   46    0
2037   19.0 127416.705972   21    9    1
2038   19.0 127416.706048   21    9    0
2039   77.0 127439.346912   19   38    1
2040   77.0 127439.347307   19   38    0
2041   21.0 127445.884284   21   10    1
2042   21.0 127445.884369   21   10    0
2043   57.0 127476.344998   20   28    1
2044   57.0 127476.345263   20   28    0
2045   23.0 127478.026468   21   11    1
2046   23.0 127478.026561   21   11    0
2047   25.0 127513.190074   21   12    1
2048   25.0 127513.190177   21   12    0
2049   95.0 127542.809703   18   47    1
2050   95.0 127542.810246   18   47    0
2051   27.0 127550.828368   21   13    1
2052   27.0 127551.260113   21   13    0
2053   79.0 127559.806527   19   39    1
2054   79.0 127559.806937   19   39    0
2055   59.0 127563.577359   20   29    1
2056   59.0 127563.577636   20   29    0
2057   29.0 127592.221860   21   14    1
2058   29.0 127592.221981   21   14    0
2059   31.0 127635.960550   21   15    1
2060   31.0 127635.960680   21   15    0
2061   61.0 127653.660450   20   30    1
2062   61.0 127653.660738   20   30    0
2063   33.0 127682.720661   21   16    1
2064   33.0 127682.720801   21   16    0
2065   81.0 127683.131156   19   40    1
2066   81.0 127683.131582   19   40    0
2067   97.0 127693.809892   18   48    1
2068   97.0 127693.810454   18   48    0
2069   35.0 127732.243216   21   17    1
2070   35.0 127732.243364   21   17    0
2071   63.0 127746.578276   20   31    1
2072   63.0 127746.578576   20   31    0
2073   37.0 127784.614539   21   18    1
2074   37.0 127784.614697   21   18    0
2075   83.0 127809.303810   19   41    1
2076   83.0 127809.304251   19   41    0
2077   39.0 127839.791468   21   19    1
2078   39.0 127839.791635   21   19    0
2079   65.0 127842.314308   20   32    1
2080   65.0 127842.314622   20   32    0
2081   99.0 127847.638605   18   49    1
2082   99.0 127847.639186   18   49    0
2083   41.0 127897.716450   21   20    1
2084   41.0 127897.716628   21   20    0
2085   85.0 127938.307073   19   42    1
2086   85.0 127938.307531   19   42    0
2087   67.0 127940.851487   20   33    1
2088   67.0 127940.851813   20   33    0
2089   43.0 127958.698060   21   21    1
2090   43.0 127958.698249   21   21    0
2091  101.0 128004.276213   18   50    1
2092  101.0 128004.276814   18   50    0
2093   45.0 128022.356395   21   22    1
2094   45.0 128022.356594   21   22    0
2095   69.0 128042.172216   20   34    1
2096   69.0 128042.172556   20   34    0
2097   87.0 128070.123109   19   43    1
2098   87.0 128070.123582   19   43    0
2099   47.0 128088.802978   21   23    1
2100   47.0 128088.803186   21   23    0
2101   71.0 128146.258369   20   35    1
2102   71.0 128146.258723   20   35    0
2103   49.0 128158.023766   21   24    1
2104   49.0 128158.023986   21   24    0
2105   89.0 128204.733651   19   44    1
2106   89.0 128204.734142   19   44    0
2107    3.0 128224.774818   22    1    1
2108    3.0 128224.774826   22    1    0
2109   51.0 128230.004108   21   25    1
2110   51.0 128230.004339   21   25    0
2111    5.0 128230.257457   22    2    1
2112    5.0 128230.257475   22    2    0
2113    7.0 128238.478818   22    3    1
2114    7.0 128238.478843   22    3    0
2115    9.0 128249.435783   22    4    1
2116    9.0 128249.435816   22    4    0
2117   73.0 128253.091286   20   36    1
2118   73.0 128253.091653   20   36    0
2119   11.0 128263.124193   22    5    1
2120   11.0 128263.124235   22    5    0
2121   13.0 128279.538852   22    6    1
2122   13.0 128279.538902   22    6    0
2123   15.0 128298.673523   22    7    1
2124   15.0 128298.673583   22    7    0
2125   53.0 128304.728740   21   26    1
2126   53.0 128304.728982   21   26    0
2127   17.0 128320.520932   22    8    1
2128   17.0 128320.520999   22    8    0
2129   91.0 128342.120014   19   45    1
2130   91.0 128342.120521   19   45    0
2131   19.0 128345.072762   22    9    1
2132   19.0 128345.072838   22    9    0
2133   75.0 128362.651771   20   37    1
2134   75.0 128362.652153   20   37    0
2135   21.0 128372.319660   22   10    1
2136   21.0 128372.319745   22   10    0
2137   55.0 128382.181792   21   27    1
2138   55.0 128382.182044   21   27    0
2139   23.0 128402.251232   22   11    1
2140   23.0 128402.251325   22   11    0
2141   25.0 128434.856044   22   12    1
2142   25.0 128434.856146   22   12    0
2143   57.0 128462.346776   21   28    1
2144   57.0 128462.347041   21   28    0
2145   27.0 128470.121623   22   13    1
2146   27.0 128470.121735   22   13    0
2147   77.0 128474.920099   20   38    1
2148   77.0 128474.920495   20   38    0
2149   93.0 128482.263081   19   46    1
2150   93.0 128482.263607   19   46    0
2151   29.0 128508.034458   22   14    1
2152   29.0 128508.034579   22   14    0
2153   59.0 128545.206599   21   29    1
2154   59.0 128545.206876   21   29    0
2155   31.0 128548.579999   22   15    1
2156   31.0 128548.580128   22   15    0
2157   79.0 128589.876009   20   39    1
2158   79.0 128589.876420   20   39    0
2159   33.0 128591.742652   22   16    1
2160   33.0 128591.742792   22   16    0
2161   95.0 128625.143317   19   47    1
2162   95.0 128625.143860   19   47    0
2163   61.0 128630.743558   21   30    1
2164   61.0 128630.743846   21   30    0
2165   35.0 128637.505789   22   17    1
2166   35.0 128637.505938   22   17    0
2167   37.0 128685.851741   22   18    1
2168   37.0 128685.851900   22   18    0
2169   81.0 128707.498708   20   40    1
2170   81.0 128707.499134   20   40    0
2171   63.0 128718.939336   21   31    1
2172   63.0 128718.939636   21   31    0
2173   39.0 128736.761800   22   19    1
2174   39.0 128736.761967   22   19    0
2175   97.0 128770.740759   19   48    1
2176   97.0 128770.741321   19   48    0
2177   41.0 128790.216214   22   20    1
2178   41.0 128790.216392   22   20    0
2179   65.0 128809.775007   21   32    1
2180   65.0 128809.775321   21   32    0
2181   83.0 128827.766868   20   41    1
2182   83.0 128827.767310   20   41    0
2183   43.0 128846.194198   22   21    1
2184   43.0 128846.194386   22   21    0
2185   67.0 128903.231036   21   33    1
2186   67.0 128903.231362   21   33    0
2187   45.0 128904.673924   22   22    1
2188   45.0 128904.674123   22   22    0
2189   99.0 128919.035019   19   49    1
2190   99.0 128919.035600   19   49    0
2191   85.0 128950.658632   20   42    1
2192   85.0 128950.659089   20   42    0
2193   47.0 128965.632528   22   23    1
2194   47.0 128965.632736   22   23    0
2195   69.0 128999.287275   21   34    1
2196   69.0 128999.287615   21   34    0
2197    3.0 129026.309291   23    1    1
2198    3.0 129026.309299   23    1    0
2199   49.0 129029.046101   22   24    1
2200   49.0 129029.046321   22   24    0
2201    5.0 129031.359381   23    2    1
2202    5.0 129031.359398   23    2    0
2203    7.0 129038.135995   23    3    1
2204    7.0 129038.136020   23    3    0
2205    9.0 129046.682297   23    4    1
2206    9.0 129046.682330   23    4    0
2207   11.0 129063.314517   23    5    1
2208   11.0 129063.314559   23    5    0
2209  101.0 129070.005285   19   50    1
2210  101.0 129070.005885   19   50    0
2211   13.0 129075.601622   23    6    1
2212   13.0 129075.601672   23    6    0
2213   87.0 129076.151605   20   43    1
2214   87.0 129076.152078   20   43    0
2215   15.0 129092.866886   23    7    1
2216   15.0 129092.866945   23    7    0
2217   51.0 129094.889699   22   25    1
2218   51.0 129094.889930   22   25    0
2219   71.0 129097.922967   21   35    1
2220   71.0 129097.923320   21   35    0
2221   17.0 129112.721940   23    8    1
2222   17.0 129112.722008   23    8    0
2223   19.0 129135.468928   23    9    1
2224   19.0 129135.469004   23    9    0
2225   21.0 129160.201420   23   10    1
2226   21.0 129160.201504   23   10    0
2227   53.0 129163.137338   22   26    1
2228   53.0 129163.137580   22   26    0
2229   23.0 129187.538088   23   11    1
2230   23.0 129187.538182   23   11    0
2231   73.0 129199.116745   21   36    1
2232   73.0 129199.117111   21   36    0
2233   89.0 129204.222861   20   44    1
2234   89.0 129204.223352   20   44    0
2235   25.0 129217.219955   23   12    1
2236   25.0 129217.220057   23   12    0
2237   55.0 129233.761995   22   27    1
2238   55.0 129233.762247   22   27    0
2239   27.0 129249.304569   23   13    1
2240   27.0 129249.304681   23   13    0
2241   29.0 129283.748769   23   14    1
2242   29.0 129283.748890   23   14    0
2243   75.0 129302.846628   21   37    1
2244   75.0 129302.847010   21   37    0
2245   57.0 129306.735604   22   28    1
2246   57.0 129306.735869   22   28    0
2247   31.0 129320.106533   23   15    1
2248   31.0 129320.106662   23   15    0
2249   91.0 129334.848943   20   45    1
2250   91.0 129334.849450   20   45    0
2251   33.0 129359.557657   23   16    1
2252   33.0 129359.557797   23   16    0
2253   59.0 129382.029064   22   29    1
2254   59.0 129382.029341   22   29    0
2255   35.0 129400.764080   23   17    1
2256   35.0 129400.764229   23   17    0
2257   77.0 129409.090030   21   38    1
2258   77.0 129409.090425   21   38    0
2259   37.0 129442.603556   23   18    1
2260   37.0 129442.603714   23   18    0
2261   61.0 129459.612234   22   30    1
2262   61.0 129459.612522   22   30    0
2263   93.0 129468.005856   20   46    1
2264   93.0 129468.006382   20   46    0
#---end---------------------------------
# Built from X levels and data from Lupu R.E.

