 686
      1   0  0   0  1  7.587E-04  1.105825E+03   9.0430240E+04  1.876E+09  1.302E-06   
      1   0  1   0 -1  2.666E-04  1.107277E+03   9.0311660E+04  1.878E+09  1.733E-06   
      1   0  1   0  1  4.864E-04  1.106201E+03   9.0399480E+04  1.873E+09  1.181E-06   
      1   0  2   0 -1  3.243E-04  1.109101E+03   9.0163120E+04  1.876E+09  1.302E-06   
      1   0  2   0  1  4.174E-04  1.107312E+03   9.0308780E+04  1.868E+09  1.188E-06   
      1   0  3   0 -1  3.495E-04  1.111650E+03   8.9956390E+04  1.873E+09  1.181E-06   
      1   0  3   0  1  3.764E-04  1.109154E+03   9.0158840E+04  1.861E+09  1.297E-06   
      1   0  4   0 -1  3.614E-04  1.114919E+03   8.9692600E+04  1.868E+09  1.188E-06   
      1   0  4   0  1  3.436E-04  1.111724E+03   8.9950400E+04  1.852E+09  1.183E-06   
      1   0  5   0 -1  3.653E-04  1.118897E+03   8.9373710E+04  1.861E+09  1.297E-06   
      1   0  5   0  1  3.143E-04  1.115013E+03   8.9685080E+04  1.841E+09  1.289E-06   
      1   0  6   0 -1  3.638E-04  1.123581E+03   8.9001150E+04  1.852E+09  1.183E-06   
      1   0  6   0  1  2.872E-04  1.119034E+03   8.9362822E+04  1.828E+09  1.365E-06   
      1   0  7   0 -1  3.578E-04  1.128944E+03   8.8578390E+04  1.841E+09  1.289E-06   
      1   0  7   0  1  2.614E-04  1.123732E+03   8.8989215E+04  1.814E+09  1.303E-06   
      1   0  8   0 -1  3.481E-04  1.135004E+03   8.8105403E+04  1.828E+09  1.365E-06   
      1   0  8   0  1  2.368E-04  1.129126E+03   8.8564069E+04  1.798E+09  1.138E-06   
      1   0  9   0 -1  3.353E-04  1.141721E+03   8.7587077E+04  1.814E+09  1.303E-06   
      1   0  9   0  1  2.135E-04  1.135205E+03   8.8089835E+04  1.780E+09  1.204E-06   
      1   0 10   0 -1  3.204E-04  1.149098E+03   8.7024777E+04  1.798E+09  1.138E-06   
      1   0  0   1  1  3.002E-03  1.091984E+03   9.1576450E+04  1.766E+09  3.944E-07   
      1   0  1   1 -1  1.048E-03  1.093384E+03   9.1459170E+04  1.767E+09  6.006E-07   
      1   0  1   1  1  1.938E-03  1.092381E+03   9.1543140E+04  1.762E+09  4.045E-07   
      1   0  2   1 -1  1.274E-03  1.095178E+03   9.1309330E+04  1.766E+09  3.944E-07   
      1   0  2   1  1  1.678E-03  1.093510E+03   9.1448660E+04  1.758E+09  3.960E-07   
      1   0  3   1 -1  1.375E-03  1.097694E+03   9.1100050E+04  1.762E+09  4.045E-07   
      1   0  3   1  1  1.529E-03  1.095365E+03   9.1293810E+04  1.751E+09  3.584E-07   
      1   0  4   1 -1  1.428E-03  1.100928E+03   9.0832480E+04  1.758E+09  3.960E-07   
      1   0  4   1  1  1.413E-03  1.097943E+03   9.1079400E+04  1.743E+09  3.929E-07   
      1   0  5   1 -1  1.452E-03  1.104866E+03   9.0508680E+04  1.751E+09  3.584E-07   
      1   0  5   1  1  1.312E-03  1.101235E+03   9.0807180E+04  1.733E+09  3.413E-07   
      1   0  6   1 -1  1.457E-03  1.109507E+03   9.0130150E+04  1.743E+09  3.929E-07   
      1   0  6   1  1  1.218E-03  1.105253E+03   9.0477019E+04  1.722E+09  3.598E-07   
      1   0  7   1 -1  1.447E-03  1.114821E+03   8.9700490E+04  1.733E+09  3.413E-07   
      1   0  7   1  1  1.128E-03  1.109938E+03   9.0095149E+04  1.709E+09  3.498E-07   
      1   0  8   1 -1  1.424E-03  1.120830E+03   8.9219599E+04  1.722E+09  3.598E-07   
      1   0  8   1  1  1.041E-03  1.115308E+03   8.9661331E+04  1.695E+09  3.185E-07   
      1   0  9   1 -1  1.390E-03  1.127485E+03   8.8693011E+04  1.709E+09  3.498E-07   
      1   0  9   1  1  9.577E-04  1.121350E+03   8.9178237E+04  1.679E+09  3.733E-07   
      1   0 10   1 -1  1.348E-03  1.134790E+03   8.8122039E+04  1.695E+09  3.185E-07   
      1   0  0   2  1  6.775E-03  1.078812E+03   9.2694550E+04  1.668E+09  3.131E-07   
      1   0  1   2 -1  2.349E-03  1.080166E+03   9.2578370E+04  1.670E+09  4.711E-07   
      1   0  1   2  1  4.398E-03  1.079226E+03   9.2659040E+04  1.665E+09  3.155E-07   
      1   0  2   2 -1  2.855E-03  1.081930E+03   9.2427430E+04  1.668E+09  3.131E-07   
      1   0  2   2  1  3.837E-03  1.080365E+03   9.2561320E+04  1.661E+09  3.484E-07   
      1   0  3   2 -1  3.084E-03  1.084411E+03   9.2215950E+04  1.665E+09  3.155E-07   
      1   0  3   2  1  3.526E-03  1.082225E+03   9.2402220E+04  1.655E+09  4.436E-07   
      1   0  4   2 -1  3.209E-03  1.087605E+03   9.1945140E+04  1.661E+09  3.484E-07   
      1   0  4   2  1  3.294E-03  1.084803E+03   9.2182630E+04  1.648E+09  7.445E-07   
      1   0  5   2 -1  3.278E-03  1.091499E+03   9.1617090E+04  1.655E+09  4.436E-07   
      1   0  5   2  1  3.093E-03  1.088087E+03   9.1904380E+04  1.639E+09  1.404E-06   
      1   0  6   2 -1  3.308E-03  1.096090E+03   9.1233380E+04  1.648E+09  7.445E-07   
      1   0  6   2  1  2.908E-03  1.092092E+03   9.1567388E+04  1.629E+09  1.992E-06   
      1   0  7   2 -1  3.309E-03  1.101350E+03   9.0797690E+04  1.639E+09  1.404E-06   
      1   0  7   2  1  2.732E-03  1.096755E+03   9.1178049E+04  1.617E+09  2.506E-06   
      1   0  8   2 -1  3.285E-03  1.107297E+03   9.0309968E+04  1.629E+09  1.992E-06   
      1   0  8   2  1  2.561E-03  1.102096E+03   9.0736226E+04  1.604E+09  2.536E-06   
      1   0  9   2 -1  3.241E-03  1.113885E+03   8.9775911E+04  1.617E+09  2.506E-06   
      1   0  9   2  1  2.395E-03  1.108098E+03   9.0244732E+04  1.590E+09  1.803E-06   
      1   0 10   2 -1  3.179E-03  1.121115E+03   8.9196934E+04  1.604E+09  2.536E-06   
      1   0  0   3  1  1.146E-02  1.066271E+03   9.3784800E+04  1.581E+09  1.287E-05  *
      1   0  1   3 -1  3.949E-03  1.067567E+03   9.3670960E+04  1.582E+09  1.811E-05   
      1   0  1   3  1  7.475E-03  1.066709E+03   9.3746300E+04  1.578E+09  1.216E-05  *
      1   0  2   3 -1  4.796E-03  1.069319E+03   9.3517430E+04  1.581E+09  1.287E-05  *
      1   0  2   3  1  6.562E-03  1.067842E+03   9.3646800E+04  1.574E+09  1.166E-05  *
      1   0  3   3 -1  5.182E-03  1.071766E+03   9.3303960E+04  1.578E+09  1.216E-05  *
      1   0  3   3  1  6.076E-03  1.069707E+03   9.3483520E+04  1.569E+09  1.054E-05  *
      1   0  4   3 -1  5.402E-03  1.074918E+03   9.3030380E+04  1.574E+09  1.166E-05  *
      1   0  4   3  1  5.725E-03  1.072278E+03   9.3259440E+04  1.562E+09  8.418E-06  *
      1   0  5   3 -1  5.534E-03  1.078765E+03   9.2698590E+04  1.569E+09  1.054E-05  *
      1   0  5   3  1  5.430E-03  1.075550E+03   9.2975670E+04  1.554E+09  7.271E-06  *
      1   0  6   3 -1  5.610E-03  1.083299E+03   9.2310660E+04  1.562E+09  8.418E-06  *
      1   0  6   3  1  5.160E-03  1.079512E+03   9.2634490E+04  1.545E+09  1.265E-05  *
      1   0  7   3 -1  5.643E-03  1.088488E+03   9.1870590E+04  1.554E+09  7.271E-06   
      1   0  7   3  1  4.905E-03  1.084152E+03   9.2237948E+04  1.534E+09  3.334E-05   
      1   0  8   3 -1  5.641E-03  1.094372E+03   9.1376601E+04  1.545E+09  1.265E-05   
      1   0  8   3  1  4.658E-03  1.089457E+03   9.1788880E+04  1.523E+09  1.144E-04   
      1   0  9   3 -1  5.610E-03  1.100887E+03   9.0835810E+04  1.534E+09  3.334E-05   
      1   0  9   3  1  4.417E-03  1.095413E+03   9.1289746E+04  1.509E+09  1.438E-04   
      1   0 10   3 -1  5.552E-03  1.108038E+03   9.0249588E+04  1.523E+09  1.144E-04   
      1   0  0   4  1  1.617E-02  1.054288E+03   9.4850760E+04  1.502E+09  7.111E-05  *
      1   0  1   4 -1  5.542E-03  1.055563E+03   9.4736200E+04  1.504E+09  8.204E-05  *
      1   0  1   4  1  1.059E-02  1.054722E+03   9.4811670E+04  1.500E+09  9.036E-05  *
      1   0  2   4 -1  6.722E-03  1.057266E+03   9.4583570E+04  1.502E+09  7.111E-05  *
      1   0  2   4  1  9.352E-03  1.055877E+03   9.4708000E+04  1.496E+09  1.276E-04  *
      1   0  3   4 -1  7.264E-03  1.059681E+03   9.4368060E+04  1.500E+09  9.036E-05  *
      1   0  3   4  1  8.716E-03  1.057736E+03   9.4541590E+04  1.491E+09  1.891E-04  *
      1   0  4   4 -1  7.580E-03  1.062793E+03   9.4091670E+04  1.496E+09  1.276E-04  *
      1   0  4   4  1  8.273E-03  1.060293E+03   9.4313560E+04  1.484E+09  2.912E-04  *
      1   0  5   4 -1  7.784E-03  1.066574E+03   9.3758170E+04  1.491E+09  1.891E-04   
      1   0  5   4  1  7.913E-03  1.063555E+03   9.4024300E+04  1.477E+09  3.915E-04  *
      1   0  6   4 -1  7.916E-03  1.071059E+03   9.3365580E+04  1.484E+09  2.912E-04   
      1   0  6   4  1  7.591E-03  1.067498E+03   9.3676965E+04  1.468E+09  3.591E-04   
      1   0  7   4 -1  7.998E-03  1.076201E+03   9.2919470E+04  1.477E+09  3.915E-04   
      1   0  7   4  1  7.290E-03  1.072103E+03   9.3274577E+04  1.458E+09  2.698E-04   
      1   0  8   4 -1  8.039E-03  1.082022E+03   9.2419545E+04  1.468E+09  3.591E-04   
      1   0  8   4  1  6.999E-03  1.077369E+03   9.2818674E+04  1.447E+09  3.654E-04   
      1   0  9   4 -1  8.046E-03  1.088466E+03   9.1872439E+04  1.458E+09  2.698E-04   
      1   0  9   4  1  6.714E-03  1.083279E+03   9.2312280E+04  1.435E+09  8.513E-04   
      1   0 10   4 -1  8.023E-03  1.095538E+03   9.1279382E+04  1.447E+09  3.654E-04   
      1   0  0   5  1  2.014E-02  1.042847E+03   9.5891300E+04  1.429E+09  1.067E-03  *
      1   0  1   5 -1  6.867E-03  1.044082E+03   9.5777900E+04  1.431E+09  1.725E-03  *
      1   0  1   5  1  1.325E-02  1.043288E+03   9.5850800E+04  1.426E+09  8.458E-04  *
      1   0  2   5 -1  8.319E-03  1.045759E+03   9.5624300E+04  1.429E+09  1.067E-03  *
      1   0  2   5  1  1.175E-02  1.044442E+03   9.5744900E+04  1.423E+09  6.753E-04  *
      1   0  3   5 -1  8.986E-03  1.048139E+03   9.5407200E+04  1.426E+09  8.458E-04  *
      1   0  3   5  1  1.101E-02  1.046299E+03   9.5575000E+04  1.418E+09  5.746E-04  *
      1   0  4   5 -1  9.384E-03  1.051209E+03   9.5128600E+04  1.423E+09  6.753E-04  *
      1   0  4   5  1  1.052E-02  1.048856E+03   9.5342000E+04  1.412E+09  7.895E-04  *
      1   0  5   5 -1  9.650E-03  1.054968E+03   9.4789600E+04  1.418E+09  5.746E-04  *
      1   0  5   5  1  1.014E-02  1.052089E+03   9.5049000E+04  1.405E+09  1.868E-03  *
      1   0  6   5 -1  9.840E-03  1.059393E+03   9.4393700E+04  1.412E+09  7.895E-04  *
      1   0  6   5  1  9.806E-03  1.055999E+03   9.4697100E+04  1.396E+09  3.069E-03  *
      1   0  7   5 -1  9.976E-03  1.064458E+03   9.3944480E+04  1.405E+09  1.868E-03   
      1   0  7   5  1  9.499E-03  1.060577E+03   9.4288275E+04  1.380E+09  4.596E-03   
      1   0  8   5 -1  1.007E-02  1.070215E+03   9.3439125E+04  1.396E+09  3.069E-03   
      1   0  8   5  1  9.207E-03  1.065803E+03   9.3825981E+04  1.372E+09  6.319E-03   
      1   0  9   5 -1  1.013E-02  1.076587E+03   9.2886137E+04  1.380E+09  4.596E-03   
      1   0  9   5  1  8.921E-03  1.071665E+03   9.3312767E+04  1.349E+09  4.762E-03   
      1   0 10   5 -1  1.016E-02  1.083580E+03   9.2286689E+04  1.372E+09  6.319E-03   
      1   0  0   6  1  2.290E-02  1.031912E+03   9.6907500E+04  1.354E+09  8.512E-03  *
      1   0  1   6 -1  7.771E-03  1.033114E+03   9.6794770E+04  1.361E+09  1.104E-02  *
      1   0  1   6  1  1.512E-02  1.032361E+03   9.6865300E+04  1.350E+09  8.888E-03  *
      1   0  2   6 -1  9.402E-03  1.034764E+03   9.6640400E+04  1.354E+09  8.512E-03  *
      1   0  2   6  1  1.347E-02  1.033514E+03   9.6757300E+04  1.344E+09  9.692E-03  *
      1   0  3   6 -1  1.015E-02  1.037113E+03   9.6421500E+04  1.350E+09  8.888E-03  *
      1   0  3   6  1  1.269E-02  1.035363E+03   9.6584450E+04  1.337E+09  1.045E-02  *
      1   0  4   6 -1  1.060E-02  1.040141E+03   9.6140800E+04  1.344E+09  9.692E-03  *
      1   0  4   6  1  1.220E-02  1.037901E+03   9.6348300E+04  1.328E+09  1.060E-02  *
      1   0  5   6 -1  1.092E-02  1.043850E+03   9.5799200E+04  1.337E+09  1.045E-02  *
      1   0  5   6  1  1.183E-02  1.041121E+03   9.6050300E+04  1.320E+09  9.034E-03  *
      1   0  6   6 -1  1.115E-02  1.048208E+03   9.5400920E+04  1.328E+09  1.060E-02   
      1   0  6   6  1  1.152E-02  1.045007E+03   9.5693100E+04  1.307E+09  7.399E-03  *
      1   0  7   6 -1  1.134E-02  1.053233E+03   9.4945770E+04  1.320E+09  9.034E-03   
      1   0  7   6  1  1.125E-02  1.049554E+03   9.5278607E+04  1.279E+09  9.120E-03   
      1   0  8   6 -1  1.148E-02  1.058928E+03   9.4435147E+04  1.307E+09  7.399E-03   
      1   0  8   6  1  1.099E-02  1.054740E+03   9.4810054E+04  1.283E+09  2.845E-02   
      1   0  9   6 -1  1.160E-02  1.065230E+03   9.3876469E+04  1.279E+09  9.120E-03   
      1   0  9   6  1  1.074E-02  1.060557E+03   9.4290060E+04  1.258E+09  3.911E-02   
      1   0 10   6 -1  1.169E-02  1.072147E+03   9.3270762E+04  1.283E+09  2.845E-02   
      1   0  0   7  1  2.432E-02  1.021456E+03   9.7899510E+04  1.281E+09  1.663E-02  *
      1   0  1   7 -1  8.212E-03  1.022626E+03   9.7787500E+04  1.294E+09  2.557E-02  *
      1   0  1   7  1  1.611E-02  1.021916E+03   9.7855440E+04  1.276E+09  1.532E-02  *
      1   0  2   7 -1  9.922E-03  1.024249E+03   9.7632490E+04  1.281E+09  1.663E-02  *
      1   0  2   7  1  1.441E-02  1.023064E+03   9.7745610E+04  1.271E+09  1.676E-02  *
      1   0  3   7 -1  1.071E-02  1.026563E+03   9.7412400E+04  1.276E+09  1.532E-02  *
      1   0  3   7  1  1.364E-02  1.024910E+03   9.7569500E+04  1.263E+09  2.213E-02  *
      1   0  4   7 -1  1.118E-02  1.029559E+03   9.7129010E+04  1.271E+09  1.676E-02  *
      1   0  4   7  1  1.317E-02  1.027411E+03   9.7332030E+04  1.228E+09  3.656E-02   
      1   0  5   7 -1  1.152E-02  1.033223E+03   9.6784510E+04  1.263E+09  2.213E-02  *
      1   0  5   7  1  1.285E-02  1.030630E+03   9.7028070E+04  1.229E+09  5.693E-02  *
      1   0  6   7 -1  1.179E-02  1.037547E+03   9.6381200E+04  1.228E+09  3.656E-02  *
      1   0  6   7  1  1.259E-02  1.034491E+03   9.6665900E+04  1.181E+09  6.345E-02  *
      1   0  7   7 -1  1.200E-02  1.042498E+03   9.5923460E+04  1.229E+09  5.693E-02   
      1   0  7   7  1  1.238E-02  1.038994E+03   9.6246954E+04  1.155E+09  6.176E-02   
      1   0  8   7 -1  1.219E-02  1.048126E+03   9.5408385E+04  1.181E+09  6.345E-02   
      1   0  8   7  1  1.218E-02  1.044133E+03   9.5773252E+04  1.134E+09  5.421E-02   
      1   0  9   7 -1  1.236E-02  1.054354E+03   9.4844816E+04  1.155E+09  6.176E-02   
      1   0  9   7  1  1.200E-02  1.049891E+03   9.5247978E+04  1.098E+09  6.048E-02   
      1   0 10   7 -1  1.251E-02  1.061189E+03   9.4233960E+04  1.134E+09  5.421E-02   
      1   0  0   8  1  2.448E-02  1.011457E+03   9.8867300E+04  1.121E+09  1.131E-01  *
      1   0  1   8 -1  8.230E-03  1.012590E+03   9.8756680E+04  1.185E+09  1.578E-01  *
      1   0  1   8  1  1.627E-02  1.011924E+03   9.8821670E+04  1.104E+09  1.025E-01  *
      1   0  2   8 -1  9.930E-03  1.014198E+03   9.8600040E+04  1.121E+09  1.131E-01  *
      1   0  2   8  1  1.460E-02  1.013074E+03   9.8709480E+04  1.092E+09  9.469E-02  *
      1   0  3   8 -1  1.071E-02  1.016484E+03   9.8378310E+04  1.104E+09  1.025E-01  *
      1   0  3   8  1  1.388E-02  1.014908E+03   9.8531100E+04  1.085E+09  8.513E-02  *
      1   0  4   8 -1  1.118E-02  1.019440E+03   9.8093040E+04  1.092E+09  9.469E-02  *
      1   0  4   8  1  1.347E-02  1.017420E+03   9.8287870E+04  1.075E+09  7.630E-02  *
      1   0  5   8 -1  1.152E-02  1.023066E+03   9.7745450E+04  1.085E+09  8.513E-02  *
      1   0  5   8  1  1.320E-02  1.020595E+03   9.7982090E+04  1.074E+09  8.142E-02  *
      1   0  6   8 -1  1.180E-02  1.027317E+03   9.7340960E+04  1.075E+09  7.630E-02   
      1   0  6   8  1  1.302E-02  1.024427E+03   9.7615543E+04  1.068E+09  9.574E-02   
      1   0  7   8 -1  1.204E-02  1.032230E+03   9.6877650E+04  1.074E+09  8.142E-02   
      1   0  7   8  1  1.287E-02  1.028893E+03   9.7191869E+04  9.544E+08  1.385E-01   
      1   0  8   8 -1  1.225E-02  1.037795E+03   9.6358123E+04  1.068E+09  9.574E-02   
      1   0  8   8  1  1.275E-02  1.033987E+03   9.6713017E+04  1.010E+09  1.877E-01   
      1   0  9   8 -1  1.246E-02  1.043953E+03   9.5789731E+04  9.544E+08  1.385E-01   
      1   0  9   8  1  1.265E-02  1.039692E+03   9.6182363E+04  8.859E+08  1.973E-01   
      1   0 10   8 -1  1.265E-02  1.050710E+03   9.5173725E+04  1.010E+09  1.877E-01   
      1   0  0   9  1  2.363E-02  1.001892E+03   9.9811190E+04  1.044E+09  1.511E-01  *
      1   0  1   9 -1  7.910E-03  1.003003E+03   9.9700600E+04  1.121E+09  1.985E-01  *
      1   0  1   9  1  1.575E-02  1.002360E+03   9.9764540E+04  1.022E+09  1.505E-01  *
      1   0  2   9 -1  9.530E-03  1.004580E+03   9.9544060E+04  1.044E+09  1.511E-01  *
      1   0  2   9  1  1.419E-02  1.003507E+03   9.9650520E+04  9.984E+08  1.611E-01  *
      1   0  3   9 -1  1.027E-02  1.006831E+03   9.9321550E+04  1.022E+09  1.505E-01  *
      1   0  3   9  1  1.353E-02  1.005329E+03   9.9469900E+04  9.760E+08  1.786E-01  *
      1   0  4   9 -1  1.072E-02  1.009760E+03   9.9033480E+04  9.984E+08  1.611E-01  *
      1   0  4   9  1  1.319E-02  1.007822E+03   9.9223870E+04  9.302E+08  2.043E-01  *
      1   0  5   9 -1  1.105E-02  1.013330E+03   9.8684510E+04  9.760E+08  1.786E-01  *
      1   0  5   9  1  1.299E-02  1.010938E+03   9.8918080E+04  9.207E+08  2.080E-01  *
      1   0  6   9 -1  1.132E-02  1.017554E+03   9.8274900E+04  9.302E+08  2.043E-01  *
      1   0  6   9  1  1.287E-02  1.014817E+03   9.8539970E+04  8.714E+08  2.045E-01  *
      1   0  7   9 -1  1.156E-02  1.022355E+03   9.7813340E+04  9.207E+08  2.080E-01   
      1   0  7   9  1  1.280E-02  1.019252E+03   9.8111150E+04  8.318E+08  2.031E-01  *
      1   0  8   9 -1  1.179E-02  1.027893E+03   9.7286386E+04  8.714E+08  2.045E-01   
      1   0  8   9  1  1.275E-02  1.024247E+03   9.7632715E+04  8.599E+08  2.241E-01   
      1   0  9   9 -1  1.201E-02  1.033978E+03   9.6713825E+04  8.318E+08  2.031E-01   
      1   0  9   9  1  1.273E-02  1.029892E+03   9.7097541E+04  8.433E+08  2.279E-01   
      1   0 10   9 -1  1.223E-02  1.040654E+03   9.6093423E+04  8.599E+08  2.241E-01   
      1   0  0  10  1  2.206E-02  9.927322E+02   1.0073210E+05  9.110E+08  2.511E-01  *
      1   0  1  10 -1  7.354E-03  9.938190E+02   1.0062194E+05  1.028E+09  3.376E-01  *
      1   0  1  10  1  1.474E-02  9.932065E+02   1.0068400E+05  8.875E+08  2.290E-01  *
      1   0  2  10 -1  8.847E-03  9.953725E+02   1.0046490E+05  9.110E+08  2.511E-01  *
      1   0  2  10  1  1.332E-02  9.943560E+02   1.0056760E+05  8.772E+08  2.182E-01  *
      1   0  3  10 -1  9.519E-03  9.975986E+02   1.0024072E+05  8.875E+08  2.290E-01  *
      1   0  3  10  1  1.275E-02  9.961733E+02   1.0038414E+05  8.707E+08  2.135E-01  *
      1   0  4  10 -1  9.932E-03  1.000486E+03   9.9951470E+04  8.772E+08  2.182E-01  *
      1   0  4  10  1  1.248E-02  9.986528E+02   1.0013490E+05  8.516E+08  2.200E-01  *
      1   0  5  10 -1  1.024E-02  1.004026E+03   9.9598990E+04  8.707E+08  2.135E-01  *
      1   0  5  10  1  1.234E-02  1.001791E+03   9.9821260E+04  8.552E+08  2.225E-01  *
      1   0  6  10 -1  1.049E-02  1.008199E+03   9.9186720E+04  8.516E+08  2.200E-01  *
      1   0  6  10  1  1.228E-02  1.005572E+03   9.9445900E+04  8.383E+08  2.192E-01  *
      1   0  7  10 -1  1.073E-02  1.012995E+03   9.8717160E+04  8.552E+08  2.225E-01   
      1   0  7  10  1  1.228E-02  1.009961E+03   9.9013743E+04  8.228E+08  2.157E-01   
      1   0  8  10 -1  1.095E-02  1.018443E+03   9.8189058E+04  8.383E+08  2.192E-01   
      1   0  8  10  1  1.230E-02  1.014968E+03   9.8525235E+04  8.293E+08  2.175E-01   
      1   0  9  10 -1  1.118E-02  1.024468E+03   9.7611605E+04  8.228E+08  2.157E-01   
      1   0  9  10  1  1.234E-02  1.020569E+03   9.7984521E+04  8.105E+08  2.177E-01   
      1   0 10  10 -1  1.141E-02  1.031077E+03   9.6985943E+04  8.293E+08  2.175E-01   
      1   0  0  11  1  2.005E-02  9.840128E+02   1.0162469E+05  8.788E+08  2.496E-01  *
      1   0  1  11 -1  6.656E-03  9.850515E+02   1.0151753E+05  9.901E+08  3.343E-01  *
      1   0  1  11  1  1.343E-02  9.844439E+02   1.0158019E+05  8.558E+08  2.289E-01  *
      1   0  2  11 -1  7.996E-03  9.866082E+02   1.0135736E+05  8.788E+08  2.496E-01  *
      1   0  2  11  1  1.217E-02  9.855743E+02   1.0146368E+05  8.448E+08  2.190E-01  *
      1   0  3  11 -1  8.594E-03  9.887419E+02   1.0113863E+05  8.558E+08  2.289E-01  *
      1   0  3  11  1  1.169E-02  9.873711E+02   1.0127904E+05  8.371E+08  2.137E-01  *
      1   0  4  11 -1  8.961E-03  9.916004E+02   1.0084708E+05  8.448E+08  2.190E-01  *
      1   0  4  11  1  1.148E-02  9.898928E+02   1.0102104E+05  8.223E+08  2.152E-01  *
      1   0  5  11 -1  9.234E-03  9.950622E+02   1.0049623E+05  8.371E+08  2.137E-01   
      1   0  5  11  1  1.140E-02  9.930170E+02   1.0070321E+05  8.225E+08  2.126E-01  *
      1   0  6  11 -1  9.467E-03  9.992718E+02   1.0007287E+05  8.223E+08  2.152E-01  *
      1   0  6  11  1  1.140E-02  9.967530E+02   1.0032576E+05  8.040E+08  2.100E-01  *
      1   0  7  11 -1  9.685E-03  1.002585E+03   9.9742170E+04  8.225E+08  2.126E-01   
      1   0  7  11  1  1.144E-02  1.001193E+03   9.9880827E+04  7.437E+08  2.247E-01   
      1   0  8  11 -1  9.900E-03  1.009472E+03   9.9061703E+04  8.040E+08  2.100E-01   
      1   0  8  11  1  1.151E-02  1.006172E+03   9.9386579E+04  7.850E+08  2.636E-01   
      1   0  9  11 -1  1.012E-02  1.015448E+03   9.8478689E+04  7.437E+08  2.247E-01   
      1   0  9  11  1  1.161E-02  1.011735E+03   9.8840125E+04  7.372E+08  2.824E-01   
      1   0 10  11 -1  1.035E-02  1.022001E+03   9.7847287E+04  7.850E+08  2.636E-01   
      1   0  0  12  1  1.783E-02  9.755822E+02   1.0250290E+05  8.433E+08  2.442E-01  *
      1   0  1  12 -1  5.896E-03  9.766068E+02   1.0239536E+05  9.485E+08  3.288E-01  *
      1   0  1  12  1  1.198E-02  9.760528E+02   1.0245347E+05  8.219E+08  2.238E-01  *
      1   0  2  12 -1  7.073E-03  9.781214E+02   1.0223680E+05  8.433E+08  2.442E-01  *
      1   0  2  12  1  1.088E-02  9.772004E+02   1.0233316E+05  8.123E+08  2.161E-01  *
      1   0  3  12 -1  7.594E-03  9.802946E+02   1.0201015E+05  8.219E+08  2.238E-01  *
      1   0  3  12  1  1.048E-02  9.789765E+02   1.0214750E+05  8.052E+08  2.178E-01  *
      1   0  4  12 -1  7.912E-03  9.831205E+02   1.0171693E+05  8.123E+08  2.161E-01  *
      1   0  4  12  1  1.033E-02  9.814401E+02   1.0189109E+05  7.561E+08  2.517E-01  *
      1   0  5  12 -1  8.151E-03  9.865593E+02   1.0136238E+05  8.052E+08  2.178E-01  *
      1   0  5  12  1  1.029E-02  9.845373E+02   1.0157055E+05  7.757E+08  2.785E-01  *
      1   0  6  12 -1  8.357E-03  9.906478E+02   1.0094405E+05  7.561E+08  2.517E-01   
      1   0  6  12  1  1.033E-02  9.882636E+02   1.0118758E+05  7.198E+08  2.927E-01  *
      1   0  7  12 -1  8.552E-03  9.953569E+02   1.0046648E+05  7.757E+08  2.785E-01   
      1   0  7  12  1  1.041E-02  9.925549E+02   1.0075010E+05  7.041E+08  2.857E-01   
      1   0  8  12 -1  8.749E-03  1.000677E+03   9.9932380E+04  7.198E+08  2.927E-01   
      1   0  8  12  1  1.053E-02  9.974601E+02   1.0025464E+05  7.018E+08  2.880E-01   
      1   0  9  12 -1  8.954E-03  1.006563E+03   9.9347960E+04  7.041E+08  2.857E-01   
      1   0  9  12  1  1.067E-02  1.002936E+03   9.9707306E+04  6.983E+08  2.885E-01   
      1   0 10  12 -1  9.169E-03  1.013014E+03   9.8715348E+04  7.018E+08  2.880E-01   
      1   0  0  13  1  1.558E-02  9.675280E+02   1.0335618E+05  7.586E+08  3.418E-01  *
      1   0  1  13 -1  5.133E-03  9.685389E+02   1.0324830E+05  8.877E+08  4.356E-01  *
      1   0  1  13  1  1.049E-02  9.679956E+02   1.0330626E+05  7.312E+08  3.177E-01  *
      1   0  2  13 -1  6.149E-03  9.700275E+02   1.0308986E+05  7.586E+08  3.418E-01  *
      1   0  2  13  1  9.557E-03  9.690709E+02   1.0319162E+05  7.170E+08  3.043E-01  *
      1   0  3  13 -1  6.595E-03  9.721655E+02   1.0286314E+05  7.312E+08  3.177E-01  *
      1   0  3  13  1  9.234E-03  9.710139E+02   1.0298514E+05  7.105E+08  2.927E-01  *
      1   0  4  13 -1  6.866E-03  9.748911E+02   1.0257556E+05  7.170E+08  3.043E-01  *
      1   0  4  13  1  9.126E-03  9.734639E+02   1.0272595E+05  6.948E+08  2.912E-01  *
      1   0  5  13 -1  7.070E-03  9.784740E+02   1.0219996E+05  7.105E+08  2.927E-01  *
      1   0  5  13  1  9.126E-03  9.764747E+02   1.0240921E+05  7.005E+08  2.942E-01  *
      1   0  6  13 -1  7.248E-03  9.807645E+02   1.0196128E+05  6.948E+08  2.912E-01   
      1   0  6  13  1  9.189E-03  9.801740E+02   1.0202270E+05  6.898E+08  2.918E-01  *
      1   0  7  13 -1  7.420E-03  9.841151E+02   1.0161413E+05  7.005E+08  2.942E-01   
      1   0  7  13  1  9.297E-03  9.844321E+02   1.0158141E+05  6.793E+08  2.879E-01   
      1   0  8  13 -1  7.595E-03  9.923619E+02   1.0076969E+05  6.898E+08  2.918E-01   
      1   0  8  13  1  9.438E-03  9.893317E+02   1.0107834E+05  6.801E+08  2.873E-01   
      1   0  9  13 -1  7.780E-03  9.982105E+02   1.0017927E+05  6.793E+08  2.879E-01   
      1   0  9  13  1  9.605E-03  9.948124E+02   1.0052146E+05  6.673E+08  2.890E-01   
      1   0 10  13 -1  7.977E-03  1.004631E+03   9.9539046E+04  6.801E+08  2.873E-01   
      1   0  0  14  1  1.343E-02  9.598174E+02   1.0418648E+05  7.331E+08  3.344E-01  *
      1   0  1  14 -1  4.408E-03  9.608107E+02   1.0407877E+05  8.562E+08  4.298E-01  *
      1   0  1  14  1  9.062E-03  9.603044E+02   1.0413365E+05  7.079E+08  3.096E-01  *
      1   0  2  14 -1  5.273E-03  9.622823E+02   1.0391961E+05  7.331E+08  3.344E-01  *
      1   0  2  14  1  8.276E-03  9.614394E+02   1.0401072E+05  6.964E+08  2.963E-01  *
      1   0  3  14 -1  5.649E-03  9.644054E+02   1.0369083E+05  7.079E+08  3.096E-01  *
      1   0  3  14  1  8.017E-03  9.632233E+02   1.0381809E+05  6.903E+08  2.865E-01  *
      1   0  4  14 -1  5.877E-03  9.671692E+02   1.0339453E+05  6.964E+08  2.963E-01  *
      1   0  4  14  1  7.947E-03  9.656492E+02   1.0355728E+05  6.713E+08  2.894E-01  *
      1   0  5  14 -1  6.048E-03  9.705616E+02   1.0303313E+05  6.903E+08  2.865E-01  *
      1   0  5  14  1  7.971E-03  9.687886E+02   1.0322169E+05  6.790E+08  2.925E-01  *
      1   0  6  14 -1  6.199E-03  9.745817E+02   1.0260812E+05  6.713E+08  2.894E-01  *
      1   0  6  14  1  8.053E-03  9.723971E+02   1.0283864E+05  6.561E+08  2.931E-01   
      1   0  7  14 -1  6.347E-03  9.791627E+02   1.0212807E+05  6.790E+08  2.925E-01   
      1   0  7  14  1  8.177E-03  9.766846E+02   1.0238720E+05  6.331E+08  2.929E-01   
      1   0  8  14 -1  6.499E-03  9.844339E+02   1.0158122E+05  6.561E+08  2.931E-01   
      1   0  8  14  1  8.332E-03  9.815708E+02   1.0187753E+05  6.435E+08  3.087E-01   
      1   0  9  14 -1  6.663E-03  9.902455E+02   1.0098506E+05  6.331E+08  2.929E-01   
      1   0  9  14  1  8.511E-03  9.870387E+02   1.0131315E+05  6.359E+08  3.204E-01   
      1   0 10  14 -1  6.839E-03  9.966291E+02   1.0033823E+05  6.435E+08  3.087E-01   
      1   0  0  15  1  1.145E-02  9.524454E+02   1.0499290E+05  6.972E+08  3.478E-01  *
      1   0  1  15 -1  3.745E-03  9.534036E+02   1.0488737E+05  8.196E+08  4.445E-01  *
      1   0  1  15  1  7.741E-03  9.529317E+02   1.0493931E+05  6.718E+08  3.208E-01  *
      1   0  2  15 -1  4.473E-03  9.548794E+02   1.0472527E+05  6.972E+08  3.478E-01  *
      1   0  2  15  1  7.086E-03  9.540674E+02   1.0481440E+05  6.595E+08  3.050E-01  *
      1   0  3  15 -1  4.787E-03  9.569796E+02   1.0449544E+05  6.718E+08  3.208E-01  *
      1   0  3  15  1  6.882E-03  9.558392E+02   1.0462011E+05  6.550E+08  2.917E-01  *
      1   0  4  15 -1  4.975E-03  9.597099E+02   1.0419815E+05  6.595E+08  3.050E-01  *
      1   0  4  15  1  6.840E-03  9.582461E+02   1.0435732E+05  6.292E+08  2.995E-01  *
      1   0  5  15 -1  5.117E-03  9.630684E+02   1.0383478E+05  6.550E+08  2.917E-01  *
      1   0  5  15  1  6.881E-03  9.612846E+02   1.0402747E+05  6.448E+08  3.166E-01  *
      1   0  6  15 -1  5.244E-03  9.670436E+02   1.0340795E+05  6.292E+08  2.995E-01  *
      1   0  6  15  1  6.973E-03  9.649410E+02   1.0363328E+05  6.248E+08  3.265E-01  *
      1   0  7  15 -1  5.368E-03  9.715978E+02   1.0292325E+05  6.448E+08  3.166E-01   
      1   0  7  15  1  7.103E-03  9.691501E+02   1.0318319E+05  6.181E+08  3.299E-01   
      1   0  8  15 -1  5.499E-03  9.767590E+02   1.0237940E+05  6.248E+08  3.265E-01   
      1   0  8  15  1  7.263E-03  9.739806E+02   1.0267145E+05  6.108E+08  3.311E-01   
      1   0  9  15 -1  5.640E-03  9.825012E+02   1.0178105E+05  6.181E+08  3.299E-01   
      1   0  9  15  1  7.446E-03  9.793813E+02   1.0210528E+05  6.041E+08  3.325E-01   
      1   0 10  15 -1  5.795E-03  9.888052E+02   1.0113216E+05  6.108E+08  3.311E-01   
      1   0  0  16  1  9.677E-03  9.453445E+02   1.0578154E+05  6.651E+08  3.714E-01  *
      1   0  1  16 -1  3.154E-03  9.462979E+02   1.0567497E+05  7.877E+08  4.628E-01  *
      1   0  1  16  1  6.555E-03  9.458242E+02   1.0572789E+05  6.392E+08  3.504E-01  *
      1   0  2  16 -1  3.763E-03  9.477352E+02   1.0551470E+05  6.651E+08  3.714E-01  *
      1   0  2  16  1  6.014E-03  9.469649E+02   1.0560053E+05  6.233E+08  3.423E-01  *
      1   0  3  16 -1  4.022E-03  9.498096E+02   1.0528426E+05  6.392E+08  3.504E-01  *
      1   0  3  16  1  5.854E-03  9.487234E+02   1.0540480E+05  6.157E+08  3.360E-01  *
      1   0  4  16 -1  4.177E-03  9.525156E+02   1.0498516E+05  6.233E+08  3.423E-01  *
      1   0  4  16  1  5.833E-03  9.511143E+02   1.0513983E+05  6.069E+08  3.326E-01  *
      1   0  5  16 -1  4.293E-03  9.558392E+02   1.0462011E+05  6.157E+08  3.360E-01  *
      1   0  5  16  1  5.884E-03  9.541256E+02   1.0480800E+05  6.050E+08  3.336E-01  *
      1   0  6  16 -1  4.397E-03  9.597813E+02   1.0419040E+05  6.069E+08  3.326E-01  *
      1   0  6  16  1  5.980E-03  9.577192E+02   1.0441474E+05  5.981E+08  3.332E-01  *
      1   0  7  16 -1  4.501E-03  9.642749E+02   1.0370487E+05  6.050E+08  3.336E-01   
      1   0  7  16  1  6.111E-03  9.619497E+02   1.0395553E+05  5.820E+08  3.358E-01   
      1   0  8  16 -1  4.611E-03  9.694224E+02   1.0315421E+05  5.981E+08  3.332E-01   
      1   0  8  16  1  6.267E-03  9.667283E+02   1.0344168E+05  5.832E+08  3.409E-01   
      1   0  9  16 -1  4.732E-03  9.751018E+02   1.0255340E+05  5.820E+08  3.358E-01   
      1   0  9  16  1  6.447E-03  9.720635E+02   1.0287394E+05  5.699E+08  3.476E-01   
      1   0 10  16 -1  4.865E-03  9.813313E+02   1.0190238E+05  5.832E+08  3.409E-01   
      1   0  0  17  1  8.124E-03  9.385646E+02   1.0654568E+05  6.400E+08  3.746E-01  *
      1   0  1  17 -1  2.640E-03  9.394950E+02   1.0644016E+05  7.592E+08  4.703E-01  *
      1   0  1  17  1  5.514E-03  9.390470E+02   1.0649094E+05  6.156E+08  3.508E-01  *
      1   0  2  17 -1  3.144E-03  9.409237E+02   1.0627854E+05  6.400E+08  3.746E-01  *
      1   0  2  17  1  5.068E-03  9.401853E+02   1.0636201E+05  6.028E+08  3.393E-01  *
      1   0  3  17 -1  3.357E-03  9.429385E+02   1.0605146E+05  6.156E+08  3.508E-01   
      1   0  3  17  1  4.945E-03  9.419484E+02   1.0616293E+05  5.963E+08  3.304E-01  *
      1   0  4  17 -1  3.483E-03  9.456645E+02   1.0574575E+05  6.028E+08  3.393E-01  *
      1   0  4  17  1  4.939E-03  9.443333E+02   1.0589481E+05  5.736E+08  3.381E-01  *
      1   0  5  17 -1  3.577E-03  9.489628E+02   1.0537821E+05  5.963E+08  3.304E-01  *
      1   0  5  17  1  4.995E-03  9.472962E+02   1.0556360E+05  5.832E+08  3.501E-01   
      1   0  6  17 -1  3.663E-03  9.528628E+02   1.0494690E+05  5.736E+08  3.381E-01  *
      1   0  6  17  1  5.090E-03  9.509427E+02   1.0515881E+05  5.620E+08  3.590E-01  *
      1   0  7  17 -1  3.749E-03  9.573325E+02   1.0445691E+05  5.832E+08  3.501E-01   
      1   0  7  17  1  5.216E-03  9.551421E+02   1.0469646E+05  5.563E+08  3.574E-01   
      1   0  8  17 -1  3.840E-03  9.624557E+02   1.0390089E+05  5.620E+08  3.590E-01   
      1   0  8  17  1  5.365E-03  9.599157E+02   1.0417581E+05  5.505E+08  3.561E-01   
      1   0  9  17 -1  3.942E-03  9.681074E+02   1.0329432E+05  5.563E+08  3.574E-01   
      1   0  9  17  1  5.536E-03  9.652497E+02   1.0360014E+05  5.460E+08  3.570E-01   
      1   0 10  17 -1  4.055E-03  9.743121E+02   1.0263652E+05  5.505E+08  3.561E-01   
      1   0  0  18  1  6.785E-03  9.320289E+02   1.0729281E+05  6.036E+08  4.107E-01  *
      1   0  1  18 -1  2.198E-03  9.329476E+02   1.0718716E+05  7.259E+08  5.010E-01  *
      1   0  1  18  1  4.614E-03  9.325197E+02   1.0723634E+05  5.781E+08  3.903E-01  *
      1   0  2  18 -1  2.614E-03  9.343544E+02   1.0702577E+05  6.036E+08  4.107E-01  *
      1   0  2  18  1  4.249E-03  9.336400E+02   1.0710766E+05  5.607E+08  3.834E-01  *
      1   0  3  18 -1  2.788E-03  9.363890E+02   1.0679322E+05  5.781E+08  3.903E-01  *
      1   0  3  18  1  4.155E-03  9.353850E+02   1.0690785E+05  5.533E+08  3.762E-01  *
      1   0  4  18 -1  2.890E-03  9.390470E+02   1.0649094E+05  5.607E+08  3.834E-01  *
      1   0  4  18  1  4.159E-03  9.377252E+02   1.0664105E+05  5.447E+08  3.707E-01  *
      1   0  5  18 -1  2.966E-03  9.423066E+02   1.0612257E+05  5.533E+08  3.762E-01  *
      1   0  5  18  1  4.216E-03  9.406865E+02   1.0630534E+05  5.435E+08  3.710E-01  *
      1   0  6  18 -1  3.035E-03  9.461346E+02   1.0569321E+05  5.447E+08  3.707E-01   
      1   0  6  18  1  4.307E-03  9.443423E+02   1.0589381E+05  5.398E+08  3.687E-01   
      1   0  7  18 -1  3.106E-03  9.505484E+02   1.0520243E+05  5.435E+08  3.710E-01   
      1   0  7  18  1  4.425E-03  9.485102E+02   1.0542849E+05  5.362E+08  3.668E-01   
      1   0  8  18 -1  3.181E-03  9.556905E+02   1.0463639E+05  5.398E+08  3.687E-01   
      1   0  8  18  1  4.564E-03  9.532534E+02   1.0490390E+05  5.332E+08  3.654E-01   
      1   0  9  18 -1  3.266E-03  9.612948E+02   1.0402636E+05  5.362E+08  3.668E-01   
      1   0  9  18  1  4.723E-03  9.585542E+02   1.0432378E+05  5.286E+08  3.667E-01   
      1   0 10  18 -1  3.361E-03  9.674492E+02   1.0336460E+05  5.332E+08  3.654E-01   
      1   0  0  19  1  5.646E-03  9.257832E+02   1.0801665E+05  5.813E+08  4.237E-01  *
      1   0  1  19 -1  1.823E-03  9.266825E+02   1.0791183E+05  7.004E+08  5.174E-01  *
      1   0  1  19  1  3.846E-03  9.262785E+02   1.0795889E+05  5.576E+08  4.002E-01  *
      1   0  2  19 -1  2.166E-03  9.280769E+02   1.0774969E+05  5.813E+08  4.237E-01  *
      1   0  2  19  1  3.549E-03  9.274025E+02   1.0782805E+05  5.447E+08  3.896E-01  *
      1   0  3  19 -1  2.307E-03  9.300959E+02   1.0751580E+05  5.576E+08  4.002E-01  *
      1   0  3  19  1  3.477E-03  9.291487E+02   1.0762540E+05  5.390E+08  3.808E-01  *
      1   0  4  19 -1  2.389E-03  9.327314E+02   1.0721200E+05  5.447E+08  3.896E-01  *
      1   0  4  19  1  3.488E-03  9.315105E+02   1.0735252E+05  5.298E+08  3.773E-01  *
      1   0  5  19 -1  2.450E-03  9.359733E+02   1.0684066E+05  5.390E+08  3.808E-01  *
      1   0  5  19  1  3.543E-03  9.344787E+02   1.0701154E+05  5.320E+08  3.775E-01  *
      1   0  6  19 -1  2.506E-03  9.398181E+02   1.0640357E+05  5.298E+08  3.773E-01  *
      1   0  6  19  1  3.629E-03  9.380478E+02   1.0660437E+05  5.230E+08  3.777E-01  *
      1   0  7  19 -1  2.563E-03  9.442097E+02   1.0590868E+05  5.320E+08  3.775E-01   
      1   0  7  19  1  3.737E-03  9.421977E+02   1.0613484E+05  5.152E+08  3.755E-01   
      1   0  8  19 -1  2.625E-03  9.492500E+02   1.0534632E+05  5.230E+08  3.777E-01   
      1   0  8  19  1  3.864E-03  9.469112E+02   1.0560652E+05  5.125E+08  3.767E-01   
      1   0  9  19 -1  2.695E-03  9.548116E+02   1.0473270E+05  5.152E+08  3.755E-01   
      1   0  9  19  1  4.009E-03  9.521754E+02   1.0502267E+05  5.097E+08  3.802E-01   
      1   0 10  19 -1  2.774E-03  9.609173E+02   1.0406723E+05  5.125E+08  3.767E-01   
      1   0  0  20  1  4.684E-03  9.197794E+02   1.0872172E+05  5.639E+08  4.347E-01  *
      1   0  1  20 -1  1.508E-03  9.206677E+02   1.0861682E+05  6.788E+08  5.240E-01  *
      1   0  1  20  1  3.196E-03  9.202715E+02   1.0866358E+05  5.408E+08  4.122E-01  *
      1   0  2  20 -1  1.790E-03  9.220464E+02   1.0845441E+05  5.639E+08  4.347E-01  *
      1   0  2  20  1  2.955E-03  9.213468E+02   1.0853676E+05  5.260E+08  4.018E-01   
      1   0  3  20 -1  1.904E-03  9.240409E+02   1.0822032E+05  5.408E+08  4.122E-01  *
      1   0  3  20  1  2.901E-03  9.231038E+02   1.0833018E+05  5.196E+08  3.908E-01  *
      1   0  4  20 -1  1.970E-03  9.266457E+02   1.0791611E+05  5.260E+08  4.018E-01  *
      1   0  4  20  1  2.916E-03  9.253913E+02   1.0806240E+05  5.082E+08  3.850E-01  *
      1   0  5  20 -1  2.019E-03  9.298431E+02   1.0754502E+05  5.196E+08  3.908E-01  *
      1   0  5  20  1  2.968E-03  9.278979E+02   1.0777048E+05  5.095E+08  3.869E-01  *
      1   0  6  20 -1  2.063E-03  9.335803E+02   1.0711451E+05  5.082E+08  3.850E-01  *
      1   0  6  20  1  3.046E-03  9.320697E+02   1.0728811E+05  5.038E+08  3.868E-01  *
      1   0  7  20 -1  2.109E-03  9.375009E+02   1.0666656E+05  5.095E+08  3.869E-01   
      1   0  7  20  1  3.145E-03  9.360903E+02   1.0682730E+05  4.986E+08  3.899E-01   
      1   0  8  20 -1  2.160E-03  9.430293E+02   1.0604125E+05  5.038E+08  3.868E-01   
      1   0  8  20  1  3.260E-03  9.407651E+02   1.0629646E+05  4.954E+08  3.927E-01   
      1   0  9  20 -1  2.218E-03  9.485401E+02   1.0542516E+05  4.986E+08  3.899E-01   
      1   0  9  20  1  3.390E-03  9.459834E+02   1.0571011E+05  4.912E+08  3.961E-01   
      1   0 10  20 -1  2.283E-03  9.545886E+02   1.0475717E+05  4.954E+08  3.927E-01   
      1   0  0  21  1  3.880E-03  9.140210E+02   1.0940668E+05  5.422E+08  4.362E-01  *
      1   0  1  21 -1  1.245E-03  9.148984E+02   1.0930176E+05  6.542E+08  5.249E-01  *
      1   0  1  21  1  2.652E-03  9.145264E+02   1.0934622E+05  5.202E+08  4.150E-01  *
      1   0  2  21 -1  1.476E-03  9.162656E+02   1.0913866E+05  5.422E+08  4.362E-01  *
      1   0  2  21  1  2.456E-03  9.156435E+02   1.0921281E+05  5.061E+08  4.073E-01  *
      1   0  3  21 -1  1.569E-03  9.182485E+02   1.0890298E+05  5.202E+08  4.150E-01  *
      1   0  3  21  1  2.415E-03  9.173745E+02   1.0900674E+05  4.997E+08  4.018E-01  *
      1   0  4  21 -1  1.622E-03  9.208402E+02   1.0859648E+05  5.061E+08  4.073E-01  *
      1   0  4  21  1  2.432E-03  9.197140E+02   1.0872945E+05  4.946E+08  3.984E-01  *
      1   0  5  21 -1  1.660E-03  9.240409E+02   1.0822032E+05  4.997E+08  4.018E-01  *
      1   0  5  21  1  2.481E-03  9.226525E+02   1.0838317E+05  4.919E+08  3.985E-01  *
      1   0  6  21 -1  1.696E-03  9.278111E+02   1.0778056E+05  4.946E+08  3.984E-01  *
      1   0  6  21  1  2.552E-03  9.261760E+02   1.0797084E+05  4.885E+08  3.997E-01  *
      1   0  7  21 -1  1.733E-03  9.321311E+02   1.0728105E+05  4.919E+08  3.985E-01   
      1   0  7  21  1  2.639E-03  9.302740E+02   1.0749521E+05  4.809E+08  4.062E-01   
      1   0  8  21 -1  1.774E-03  9.370948E+02   1.0671279E+05  4.885E+08  3.997E-01   
      1   0  8  21  1  2.742E-03  9.349259E+02   1.0696035E+05  4.824E+08  4.145E-01   
      1   0  9  21 -1  1.821E-03  9.425686E+02   1.0609307E+05  4.809E+08  4.062E-01   
      1   0  9  21  1  2.858E-03  9.401179E+02   1.0636964E+05  4.810E+08  4.264E-01   
      1   0 10  21 -1  1.875E-03  9.485771E+02   1.0542106E+05  4.824E+08  4.145E-01   
      1   0  3  22 -1  1.291E-03  9.126685E+02   1.0956881E+05  5.089E+08  4.266E-01  *
      1   0  4  22 -1  1.333E-03  9.152131E+02   1.0926417E+05  4.968E+08  4.188E-01  *
      1   0  4  22  1  2.026E-03  9.142733E+02   1.0937648E+05  4.815E+08  4.158E-01  *
      1   0  5  22 -1  1.364E-03  9.182485E+02   1.0890298E+05  4.919E+08  4.128E-01  *
      1   0  5  22  1  2.071E-03  9.171601E+02   1.0903222E+05  4.866E+08  4.254E-01  *
      1   0  6  22 -1  1.392E-03  9.213947E+02   1.0853112E+05  4.815E+08  4.158E-01   
      1   0  6  22  1  2.134E-03  9.206004E+02   1.0862476E+05  4.818E+08  4.345E-01   
      1   0  7  22 -1  1.422E-03  9.247862E+02   1.0813310E+05  4.866E+08  4.254E-01   
      1   0  7  22  1  2.212E-03  9.246788E+02   1.0814566E+05  4.795E+08  4.442E-01   
      1   0  8  22 -1  1.455E-03  9.313819E+02   1.0736734E+05  4.818E+08  4.345E-01   
      1   0  8  22  1  2.302E-03  9.293192E+02   1.0760565E+05  4.791E+08  4.505E-01   
      1   0  9  22 -1  1.494E-03  9.368250E+02   1.0674352E+05  4.795E+08  4.442E-01   
      1   0  9  22  1  2.405E-03  9.345049E+02   1.0700854E+05  4.744E+08  4.566E-01   
      1   0 10  22 -1  1.538E-03  9.428060E+02   1.0606636E+05  4.791E+08  4.505E-01   
      1   0  5  23 -1  1.121E-03  9.130441E+02   1.0952374E+05  4.855E+08  4.577E-01  *
      1   0  6  23 -1  1.143E-03  9.167599E+02   1.0907982E+05  4.815E+08  4.596E-01  *
      1   0  6  23  1  1.782E-03  9.152462E+02   1.0926022E+05  4.748E+08  4.648E-01  *
      1   0  7  23 -1  1.167E-03  9.173460E+02   1.0901012E+05  4.782E+08  4.624E-01   
      1   0  7  23  1  1.851E-03  9.192908E+02   1.0877950E+05  4.687E+08  4.674E-01   
      1   0  8  23 -1  1.193E-03  9.259075E+02   1.0800215E+05  4.748E+08  4.648E-01   
      1   0  8  23  1  1.931E-03  9.238781E+02   1.0823939E+05  4.642E+08  4.666E-01   
      1   0  9  23 -1  1.225E-03  9.312950E+02   1.0737737E+05  4.687E+08  4.674E-01   
      1   0  9  23  1  2.021E-03  9.289935E+02   1.0764338E+05  4.553E+08  4.673E-01   
      1   0 10  23 -1  1.261E-03  9.372062E+02   1.0670010E+05  4.642E+08  4.666E-01   
      1   0  7  24 -1  9.571E-04  9.157898E+02   1.0919537E+05  4.636E+08  4.766E-01   
      1   0  7  24  1  1.549E-03  9.140921E+02   1.0939816E+05  4.491E+08  4.771E-01   
      1   0  8  24 -1  9.787E-04  9.206039E+02   1.0862435E+05  4.544E+08  4.786E-01   
      1   0  8  24  1  1.618E-03  9.186655E+02   1.0885355E+05  4.451E+08  4.759E-01   
      1   0  9  24 -1  1.004E-03  9.259600E+02   1.0799602E+05  4.491E+08  4.771E-01   
      1   0  9  24  1  1.697E-03  9.237714E+02   1.0825190E+05  4.421E+08  4.795E-01   
      1   0 10  24 -1  1.033E-03  9.318426E+02   1.0731426E+05  4.451E+08  4.759E-01   
      1   0  8  25 -1  8.031E-04  9.156221E+02   1.0921536E+05  4.420E+08  4.941E-01   
      1   0  8  25  1  1.356E-03  9.138146E+02   1.0943139E+05  4.433E+08  4.998E-01   
      1   0  9  25 -1  8.237E-04  9.209718E+02   1.0858095E+05  4.421E+08  4.962E-01   
      1   0  9  25  1  1.425E-03  9.189356E+02   1.0882156E+05  4.447E+08  5.064E-01   
      1   0 10  25 -1  8.477E-04  9.268519E+02   1.0789210E+05  4.433E+08  4.998E-01   
      1   0  9  26 -1  6.764E-04  9.160750E+02   1.0916137E+05  4.443E+08  5.229E-01   
      1   0  9  26  1  1.197E-03  9.140415E+02   1.0940422E+05  4.436E+08  5.280E-01   
      1   0 10  26 -1  6.960E-04  9.218875E+02   1.0847310E+05  4.444E+08  5.253E-01   
      1   0 10  27 -1  5.721E-04  9.172784E+02   1.0901816E+05  4.347E+08  5.381E-01   
      1   0 10  28 -1  4.710E-04  9.128269E+02   1.0954980E+05  4.215E+08  5.485E-01   
      2   0  0   0  1  1.704E-02  1.007283E+03   9.9276960E+04  5.923E+08  2.377E-09  *
      2   0  1   0  0  8.904E-03  1.008199E+03   9.9186720E+04  5.899E+08  2.390E-09  *
      2   0  1   0  1  8.397E-03  1.007251E+03   9.9280130E+04  5.923E+08  1.933E-09  *
      2   0  2   0 -1  1.729E-03  1.010005E+03   9.9009410E+04  5.923E+08  2.377E-09  *
      2   0  2   0  0  9.036E-03  1.009080E+03   9.9100140E+04  5.886E+08  1.946E-09  *
      2   0  2   0  1  6.622E-03  1.007650E+03   9.9240760E+04  5.920E+08  2.319E-09  *
      2   0  3   0 -1  2.471E-03  1.011777E+03   9.8836030E+04  5.923E+08  1.933E-09  *
      2   0  3   0  0  9.170E-03  1.010389E+03   9.8971770E+04  5.871E+08  2.342E-09  *
      2   0  3   0  1  5.831E-03  1.008489E+03   9.9158240E+04  5.916E+08  2.017E-09  *
      2   0  4   0 -1  2.884E-03  1.013945E+03   9.8624650E+04  5.920E+08  2.319E-09  *
      2   0  4   0  0  9.303E-03  1.012119E+03   9.8802630E+04  5.853E+08  2.041E-09  *
      2   0  4   0  1  5.369E-03  1.009760E+03   9.9033480E+04  5.908E+08  2.248E-09  *
      2   0  5   0 -1  3.148E-03  1.016534E+03   9.8373480E+04  5.916E+08  2.017E-09  *
      2   0  5   0  0  9.436E-03  1.014279E+03   9.8592200E+04  5.834E+08  2.289E-09  *
      2   0  5   0  1  5.057E-03  1.011466E+03   9.8866360E+04  5.899E+08  2.186E-09   
      2   0  6   0 -1  3.332E-03  1.019522E+03   9.8085190E+04  5.908E+08  2.248E-09  *
      2   0  6   0  0  9.567E-03  1.016841E+03   9.8343780E+04  5.812E+08  2.268E-09  *
      2   0  6   0  1  4.827E-03  1.013509E+03   9.8667140E+04  5.888E+08  1.858E-09  *
      2   0  7   0 -1  3.468E-03  1.022917E+03   9.7759670E+04  5.899E+08  2.186E-09   
      2   0  7   0  0  9.695E-03  1.019798E+03   9.8058670E+04  5.789E+08  1.975E-09  *
      2   0  7   0  1  4.648E-03  1.016009E+03   9.8424350E+04  5.874E+08  1.982E-09   
      2   0  8   0 -1  3.572E-03  1.026601E+03   9.7408869E+04  5.888E+08  1.858E-09   
      2   0  8   0  0  9.820E-03  1.023169E+03   9.7735530E+04  5.765E+08  2.071E-09   
      2   0  8   0  1  4.500E-03  1.018897E+03   9.8145328E+04  5.858E+08  1.819E-09   
      2   0  9   0 -1  3.655E-03  1.030692E+03   9.7022212E+04  5.874E+08  1.982E-09   
      2   0  9   0  0  9.940E-03  1.026905E+03   9.7380025E+04  5.739E+08  1.885E-09   
      2   0  9   0  1  4.376E-03  1.022172E+03   9.7830940E+04  3.079E+08  3.332E-09   
      2   0 10   0 -1  3.722E-03  1.035132E+03   9.6606036E+04  5.858E+08  1.819E-09   
      2   0 10   0  0  1.006E-02  1.031011E+03   9.6992205E+04  5.712E+08  1.759E-09   
      2   0  0   1  1  3.046E-02  9.872757E+02   1.0128883E+05  5.830E+08  3.150E-10  *
      2   0  1   1  0  1.567E-02  9.881449E+02   1.0119973E+05  5.808E+08  3.168E-10  *
      2   0  1   1  1  1.509E-02  9.872757E+02   1.0128883E+05  5.830E+08  3.593E-10  *
      2   0  2   1 -1  3.076E-03  9.898928E+02   1.0102104E+05  5.830E+08  3.150E-10  *
      2   0  2   1  0  1.582E-02  9.890212E+02   1.0111007E+05  5.795E+08  3.622E-10  *
      2   0  2   1  1  1.197E-02  9.877124E+02   1.0124405E+05  5.828E+08  3.600E-10  *
      2   0  3   1 -1  4.396E-03  9.916004E+02   1.0084708E+05  5.830E+08  3.593E-10  *
      2   0  3   1  0  1.598E-02  9.903547E+02   1.0097392E+05  5.781E+08  3.640E-10  *
      2   0  3   1  1  1.059E-02  9.886068E+02   1.0115245E+05  5.824E+08  3.178E-10  *
      2   0  4   1 -1  5.131E-03  9.937622E+02   1.0062770E+05  5.828E+08  3.600E-10  *
      2   0  4   1  0  1.613E-02  9.920907E+02   1.0079724E+05  5.764E+08  3.226E-10  *
      2   0  4   1  1  9.799E-03  9.900790E+02   1.0100204E+05  5.817E+08  3.583E-10  *
      2   0  5   1 -1  5.602E-03  9.963397E+02   1.0036737E+05  5.824E+08  3.178E-10  *
      2   0  5   1  0  1.628E-02  9.942627E+02   1.0057704E+05  5.745E+08  3.666E-10  *
      2   0  5   1  1  9.276E-03  9.929899E+02   1.0070596E+05  5.808E+08  3.537E-10   
      2   0  6   1 -1  5.930E-03  9.994545E+02   1.0005458E+05  5.817E+08  3.583E-10   
      2   0  6   1  0  1.643E-02  9.968477E+02   1.0031623E+05  5.725E+08  3.670E-10  *
      2   0  6   1  1  8.897E-03  9.942932E+02   1.0057396E+05  5.797E+08  3.678E-10   
      2   0  7   1 -1  6.172E-03  1.004023E+03   9.9599270E+04  5.808E+08  3.537E-10   
      2   0  7   1  0  1.658E-02  9.998218E+02   1.0001782E+05  5.703E+08  3.826E-10  *
      2   0  7   1  1  8.606E-03  9.970119E+02   1.0029971E+05  5.784E+08  3.402E-10   
      2   0  8   1 -1  6.359E-03  1.006882E+03   9.9316537E+04  5.797E+08  3.678E-10   
      2   0  8   1  0  1.672E-02  1.003628E+03   9.9638537E+04  5.680E+08  3.471E-10   
      2   0  8   1  1  8.371E-03  1.000162E+03   9.9983785E+04  5.769E+08  2.851E-10   
      2   0  9   1 -1  6.508E-03  1.011147E+03   9.8897569E+04  5.784E+08  3.402E-10   
      2   0  9   1  0  1.685E-02  1.007633E+03   9.9242456E+04  5.655E+08  2.833E-10   
      2   0  9   1  1  8.176E-03  1.003737E+03   9.9627713E+04  3.032E+08  5.615E-10   
      2   0 10   1 -1  6.630E-03  1.015801E+03   9.8444493E+04  5.769E+08  2.851E-10   
      2   0 10   1  0  1.699E-02  1.012107E+03   9.8803799E+04  5.630E+08  2.956E-10   
      2   0  0   2  1  3.309E-02  9.689722E+02   1.0320213E+05  5.741E+08  2.043E-10  *
      2   0  1   2  0  1.678E-02  9.698217E+02   1.0311174E+05  5.720E+08  2.052E-10  *
      2   0  1   2  1  1.647E-02  9.690303E+02   1.0319595E+05  5.742E+08  2.224E-10  *
      2   0  2   2 -1  3.325E-03  9.714899E+02   1.0293468E+05  5.741E+08  2.043E-10  *
      2   0  2   2  0  1.686E-02  9.706974E+02   1.0301872E+05  5.708E+08  2.238E-10  *
      2   0  2   2  1  1.312E-02  9.695503E+02   1.0314060E+05  5.739E+08  1.856E-10  *
      2   0  3   2 -1  4.752E-03  9.731983E+02   1.0275398E+05  5.742E+08  2.224E-10  *
      2   0  3   2  0  1.695E-02  9.720315E+02   1.0287732E+05  5.694E+08  1.870E-10  *
      2   0  3   2  1  1.167E-02  9.703397E+02   1.0305669E+05  5.735E+08  1.877E-10  *
      2   0  4   2 -1  5.548E-03  9.753793E+02   1.0252422E+05  5.739E+08  1.856E-10  *
      2   0  4   2  0  1.704E-02  9.737904E+02   1.0269150E+05  5.678E+08  1.890E-10  *
      2   0  4   2  1  1.085E-02  9.717221E+02   1.0291008E+05  5.729E+08  1.701E-10  *
      2   0  5   2 -1  6.058E-03  9.777875E+02   1.0227171E+05  5.735E+08  1.877E-10  *
      2   0  5   2  0  1.713E-02  9.759745E+02   1.0246169E+05  5.661E+08  1.698E-10  *
      2   0  5   2  1  1.032E-02  9.735220E+02   1.0271981E+05  5.721E+08  1.654E-10  *
      2   0  6   2 -1  6.415E-03  9.807729E+02   1.0196040E+05  5.729E+08  1.701E-10  *
      2   0  6   2  0  1.722E-02  9.785778E+02   1.0218912E+05  5.642E+08  1.635E-10  *
      2   0  6   2  1  9.946E-03  9.757416E+02   1.0248615E+05  5.710E+08  1.448E-10  *
      2   0  7   2 -1  6.681E-03  9.871175E+02   1.0130506E+05  5.721E+08  1.654E-10   
      2   0  7   2  0  1.731E-02  9.815775E+02   1.0187682E+05  5.621E+08  1.539E-10   
      2   0  7   2  1  9.665E-03  9.784618E+02   1.0220123E+05  5.698E+08  1.228E-10   
      2   0  8   2 -1  6.888E-03  9.879294E+02   1.0122181E+05  5.710E+08  1.448E-10   
      2   0  8   2  0  1.740E-02  9.849733E+02   1.0152559E+05  5.599E+08  1.320E-10   
      2   0  8   2  1  9.445E-03  9.815452E+02   1.0188018E+05  5.684E+08  1.313E-10   
      2   0  9   2 -1  7.054E-03  9.920724E+02   1.0079909E+05  5.698E+08  1.228E-10   
      2   0  9   2  0  1.748E-02  9.887535E+02   1.0113744E+05  5.576E+08  1.391E-10   
      2   0  9   2  1  9.267E-03  9.850539E+02   1.0151729E+05  2.988E+08  3.130E-10   
      2   0 10   2 -1  7.191E-03  9.966027E+02   1.0034089E+05  5.684E+08  1.313E-10   
      2   0 10   2  0  1.757E-02  9.929066E+02   1.0071441E+05  5.552E+08  9.819E-11   
      2   0  0   3  1  2.871E-02  9.522084E+02   1.0501903E+05  5.661E+08  5.018E-10  *
      2   0  1   3  0  1.437E-02  9.530462E+02   1.0492671E+05  5.640E+08  5.091E-10  *
      2   0  1   3  1  1.436E-02  9.522846E+02   1.0501062E+05  5.661E+08  4.981E-10  *
      2   0  2   3 -1  2.872E-03  9.546374E+02   1.0475181E+05  5.661E+08  5.018E-10  *
      2   0  2   3  0  1.438E-02  9.539445E+02   1.0482790E+05  5.629E+08  5.048E-10  *
      2   0  2   3  1  1.149E-02  9.528017E+02   1.0495363E+05  5.659E+08  5.020E-10  *
      2   0  3   3 -1  4.105E-03  9.563205E+02   1.0456745E+05  5.661E+08  4.981E-10  *
      2   0  3   3  0  1.439E-02  9.552859E+02   1.0468070E+05  5.616E+08  4.985E-10  *
      2   0  3   3  1  1.026E-02  9.537645E+02   1.0484769E+05  5.655E+08  4.905E-10  *
      2   0  4   3 -1  4.795E-03  9.584313E+02   1.0433716E+05  5.659E+08  5.020E-10  *
      2   0  4   3  0  1.441E-02  9.570545E+02   1.0448726E+05  5.601E+08  4.466E-10  *
      2   0  4   3  1  9.587E-03  9.551673E+02   1.0469370E+05  5.649E+08  5.513E-10  *
      2   0  5   3 -1  5.238E-03  9.609619E+02   1.0406240E+05  5.655E+08  4.905E-10  *
      2   0  5   3  0  1.444E-02  9.592553E+02   1.0424753E+05  5.584E+08  3.750E-10  *
      2   0  5   3  1  9.160E-03  9.570103E+02   1.0449208E+05  5.641E+08  9.823E-10  *
      2   0  6   3 -1  5.549E-03  9.639049E+02   1.0374467E+05  5.649E+08  5.513E-10  *
      2   0  6   3  0  1.446E-02  9.618770E+02   1.0396340E+05  5.566E+08  4.476E-10  *
      2   0  6   3  1  8.868E-03  9.593112E+02   1.0424146E+05  5.632E+08  1.927E-09  *
      2   0  7   3 -1  5.783E-03  9.672434E+02   1.0338659E+05  5.641E+08  9.823E-10   
      2   0  7   3  0  1.450E-02  9.648992E+02   1.0363777E+05  5.547E+08  1.394E-09   
      2   0  7   3  1  8.656E-03  9.619843E+02   1.0395180E+05  5.620E+08  4.252E-09   
      2   0  8   3 -1  5.966E-03  9.710053E+02   1.0298605E+05  5.632E+08  1.927E-09   
      2   0  8   3  0  1.453E-02  9.683286E+02   1.0327073E+05  5.527E+08  3.817E-09   
      2   0  8   3  1  8.497E-03  9.651015E+02   1.0361605E+05  5.607E+08  1.065E-08   
      2   0  9   3 -1  6.115E-03  9.751373E+02   1.0254967E+05  5.620E+08  4.252E-09   
      2   0  9   3  0  1.456E-02  9.721497E+02   1.0286481E+05  5.505E+08  9.695E-09   
      2   0  9   3  1  8.373E-03  9.686391E+02   1.0323763E+05  2.947E+08  3.055E-08   
      2   0 10   3 -1  6.241E-03  9.796550E+02   1.0207675E+05  5.607E+08  1.065E-08   
      2   0 10   3  0  1.460E-02  9.763522E+02   1.0242205E+05  5.482E+08  2.936E-08   
      2   0  0   4  1  2.204E-02  9.369297E+02   1.0673159E+05  5.578E+08  1.974E-08  *
      2   0  1   4  0  1.090E-02  9.377252E+02   1.0664105E+05  5.561E+08  2.006E-08  *
      2   0  1   4  1  1.107E-02  9.370329E+02   1.0671984E+05  5.578E+08  2.504E-08  *
      2   0  2   4 -1  2.196E-03  9.392833E+02   1.0646415E+05  5.578E+08  1.974E-08  *
      2   0  2   4  0  1.086E-02  9.386245E+02   1.0653888E+05  5.551E+08  2.552E-08  *
      2   0  2   4  1  8.897E-03  9.375834E+02   1.0665718E+05  5.577E+08  3.362E-08  *
      2   0  3   4 -1  3.140E-03  9.409396E+02   1.0627675E+05  5.578E+08  2.504E-08  *
      2   0  3   4  0  1.084E-02  9.399687E+02   1.0638652E+05  5.540E+08  3.467E-08  *
      2   0  3   4  1  7.983E-03  9.385844E+02   1.0654343E+05  5.574E+08  4.678E-08  *
      2   0  4   4 -1  3.669E-03  9.430277E+02   1.0604142E+05  5.577E+08  3.362E-08  *
      2   0  4   4  0  1.082E-02  9.417554E+02   1.0618469E+05  5.527E+08  4.917E-08  *
      2   0  4   4  1  7.489E-03  9.400359E+02   1.0637892E+05  5.569E+08  6.750E-08  *
      2   0  5   4 -1  4.010E-03  9.455530E+02   1.0575822E+05  5.574E+08  4.678E-08  *
      2   0  5   4  0  1.080E-02  9.439704E+02   1.0593553E+05  5.513E+08  7.266E-08  *
      2   0  5   4  1  7.187E-03  9.419484E+02   1.0616293E+05  5.563E+08  9.506E-08  *
      2   0  6   4 -1  4.251E-03  9.484848E+02   1.0543131E+05  5.569E+08  6.750E-08   
      2   0  6   4  0  1.079E-02  9.466090E+02   1.0564024E+05  5.497E+08  1.135E-07  *
      2   0  6   4  1  6.988E-03  9.446193E+02   1.0586275E+05  5.555E+08  1.245E-07  *
      2   0  7   4 -1  4.433E-03  9.518624E+02   1.0505720E+05  5.563E+08  9.506E-08   
      2   0  7   4  0  1.078E-02  9.496571E+02   1.0530117E+05  5.479E+08  1.690E-07   
      2   0  7   4  1  6.851E-03  9.469526E+02   1.0560190E+05  5.546E+08  1.672E-07   
      2   0  8   4 -1  4.577E-03  9.555462E+02   1.0465219E+05  5.555E+08  1.245E-07   
      2   0  8   4  0  1.078E-02  9.531109E+02   1.0491958E+05  5.460E+08  1.886E-07   
      2   0  8   4  1  6.754E-03  9.501439E+02   1.0524722E+05  5.535E+08  2.172E-07   
      2   0  9   4 -1  4.697E-03  9.596951E+02   1.0419976E+05  5.546E+08  1.672E-07   
      2   0  9   4  0  1.078E-02  9.569593E+02   1.0449766E+05  5.440E+08  1.785E-07   
      2   0  9   4  1  6.685E-03  9.537736E+02   1.0484668E+05  2.908E+08  6.915E-07   
      2   0 10   4 -1  4.799E-03  9.642464E+02   1.0370793E+05  5.535E+08  2.172E-07   
      2   0 10   4  0  1.079E-02  9.611914E+02   1.0403756E+05  5.419E+08  1.419E-07   
      2   0  0   5  1  1.576E-02  9.229384E+02   1.0834959E+05  5.108E+08  6.651E-07  *
      2   0  1   5  0  7.706E-03  9.237068E+02   1.0825946E+05  5.138E+08  6.688E-07  *
      2   0  1   5  1  7.949E-03  9.230752E+02   1.0833353E+05  5.106E+08  6.657E-07  *
      2   0  2   5 -1  1.565E-03  9.252212E+02   1.0808226E+05  5.108E+08  6.651E-07  *
      2   0  2   5  0  7.657E-03  9.246133E+02   1.0815332E+05  5.152E+08  6.675E-07  *
      2   0  2   5  1  6.415E-03  9.236665E+02   1.0826418E+05  5.107E+08  6.553E-07  *
      2   0  3   5 -1  2.238E-03  9.268677E+02   1.0789026E+05  5.106E+08  6.657E-07  *
      2   0  3   5  0  7.612E-03  9.259687E+02   1.0799501E+05  5.167E+08  6.427E-07  *
      2   0  3   5  1  5.780E-03  9.247172E+02   1.0814117E+05  5.110E+08  6.398E-07  *
      2   0  4   5 -1  2.616E-03  9.289534E+02   1.0764803E+05  5.107E+08  6.553E-07  *
      2   0  4   5  0  7.574E-03  9.277657E+02   1.0778583E+05  5.182E+08  5.835E-07  *
      2   0  4   5  1  5.445E-03  9.262595E+02   1.0796111E+05  5.116E+08  6.824E-07  *
      2   0  5   5 -1  2.861E-03  9.314741E+02   1.0735672E+05  5.110E+08  6.398E-07  *
      2   0  5   5  0  7.540E-03  9.299989E+02   1.0752701E+05  5.198E+08  4.920E-07  *
      2   0  5   5  1  5.247E-03  9.286258E+02   1.0768600E+05  5.124E+08  1.033E-06  *
      2   0  6   5 -1  3.035E-03  9.344787E+02   1.0701154E+05  5.116E+08  6.824E-07  *
      2   0  6   5  0  7.513E-03  9.326585E+02   1.0722038E+05  5.214E+08  4.600E-07  *
      2   0  6   5  1  5.123E-03  9.303585E+02   1.0748545E+05  5.134E+08  1.758E-06  *
      2   0  7   5 -1  3.167E-03  9.382356E+02   1.0658304E+05  5.124E+08  1.033E-06   
      2   0  7   5  0  7.492E-03  9.357762E+02   1.0686316E+05  5.229E+08  9.816E-07   
      2   0  7   5  1  5.044E-03  9.332091E+02   1.0715712E+05  5.148E+08  3.491E-06   
      2   0  8   5 -1  3.274E-03  9.414431E+02   1.0621990E+05  5.134E+08  1.758E-06   
      2   0  8   5  0  7.477E-03  9.392877E+02   1.0646365E+05  5.244E+08  2.466E-06   
      2   0  8   5  1  4.994E-03  9.364200E+02   1.0678969E+05  5.163E+08  8.870E-06   
      2   0  9   5 -1  3.363E-03  9.455820E+02   1.0575498E+05  5.148E+08  3.491E-06   
      2   0  9   5  0  7.469E-03  9.432107E+02   1.0602085E+05  5.257E+08  6.360E-06   
      2   0  9   5  1  4.963E-03  9.400559E+02   1.0637665E+05  2.693E+08  2.505E-05   
      2   0 10   5 -1  3.441E-03  9.501151E+02   1.0525040E+05  5.163E+08  8.870E-06   
      2   0 10   5  0  7.467E-03  9.475377E+02   1.0553670E+05  5.267E+08  2.101E-05   
      2   0  3   6  0  5.140E-03  9.131821E+02   1.0950718E+05  3.286E+08  2.249E-05  *
      2   0  4   6 -1  1.791E-03  9.161159E+02   1.0915649E+05  2.884E+08  2.590E-05  *
      2   0  4   6  0  5.101E-03  9.149948E+02   1.0929024E+05  3.329E+08  3.256E-05  *
      2   0  4   6  1  3.797E-03  9.134299E+02   1.0947748E+05  3.144E+08  5.256E-05  *
      2   0  5   6 -1  1.960E-03  9.187464E+02   1.0884396E+05  2.889E+08  3.759E-05  *
      2   0  5   6  0  5.066E-03  9.172504E+02   1.0902149E+05  3.379E+08  4.930E-05  *
      2   0  5   6  1  3.674E-03  9.154334E+02   1.0923788E+05  3.153E+08  7.776E-05  *
      2   0  6   6 -1  2.081E-03  9.222394E+02   1.0843172E+05  3.144E+08  5.256E-05   
      2   0  6   6  0  5.037E-03  9.199334E+02   1.0870352E+05  3.436E+08  8.005E-05  *
      2   0  6   6  1  3.602E-03  9.178665E+02   1.0894831E+05  3.166E+08  1.021E-04  *
      2   0  7   6 -1  2.174E-03  9.265237E+02   1.0793032E+05  3.153E+08  7.776E-05   
      2   0  7   6  0  5.014E-03  9.230408E+02   1.0833757E+05  3.501E+08  1.245E-04   
      2   0  7   6  1  3.561E-03  9.207472E+02   1.0860745E+05  3.186E+08  1.353E-04   
      2   0  8   6 -1  2.250E-03  9.286225E+02   1.0768638E+05  3.166E+08  1.021E-04   
      2   0  8   6  0  4.997E-03  9.265618E+02   1.0792588E+05  3.575E+08  1.426E-04   
      2   0  8   6  1  3.540E-03  9.240265E+02   1.0822200E+05  3.212E+08  1.545E-04   
      2   0  9   6 -1  2.314E-03  9.327896E+02   1.0720531E+05  3.186E+08  1.353E-04   
      2   0  9   6  0  4.985E-03  9.304886E+02   1.0747042E+05  3.661E+08  1.442E-04   
      2   0  9   6  1  3.533E-03  9.277375E+02   1.0778911E+05  1.629E+08  4.190E-04   
      2   0 10   6 -1  2.372E-03  9.373590E+02   1.0668271E+05  3.212E+08  1.545E-04   
      2   0 10   6  0  4.980E-03  9.348111E+02   1.0697348E+05  3.758E+08  1.170E-04   
      2   0  7   7  0  3.293E-03  9.115094E+02   1.0970814E+05  2.314E+08  4.259E-04   
      2   0  8   7  0  3.278E-03  9.150792E+02   1.0928016E+05  2.274E+08  7.643E-04   
      2   0  8   7  1  2.451E-03  9.128505E+02   1.0954697E+05  2.374E+08  2.967E-03   
      2   0  9   7 -1  1.560E-03  9.212084E+02   1.0855306E+05  2.227E+08  1.289E-03   
      2   0  9   7  0  3.268E-03  9.190660E+02   1.0880611E+05  2.232E+08  1.881E-03   
      2   0  9   7  1  2.456E-03  9.166977E+02   1.0908721E+05  1.254E+08  7.830E-03   
      2   0 10   7 -1  1.601E-03  9.258601E+02   1.0800767E+05  2.374E+08  2.967E-03   
      2   0 10   7  0  3.263E-03  9.234618E+02   1.0828819E+05  2.195E+08  6.790E-03   
      2   0  9   8  0  2.128E-03  9.087180E+02   1.1004514E+05  1.906E+08  2.598E-02   
      2   0 10   8  0  2.125E-03  9.131688E+02   1.0950878E+05  1.892E+08  2.331E-02   
